  0.03012868695715000  0.03864064237096870  0.04722057781669420  0.05819204514110600
  0.06853862309278767  0.07897579699715465  0.08936598223179666  0.09959211224595223
  0.11013127180315127  0.12108560330467531  0.13155531457159983  0.14215652121050767
  0.15238141120035656  0.16200130632175638  0.17102492514868073  0.18027124828399937
  0.19019172523387012  0.20056292817256730  0.21045983573873953  0.21918593257385549
  0.22811565464439468  0.23679306088171823  0.24566119657121169  0.25453784482182873
  0.26325830983523818  0.27218652260612758  0.28176754684073368  0.29195231053864362
  0.30272797932107065  0.31365480745075641  0.32411057093741630  0.33461522145823169
  0.34590533754309527  0.35752000459931454  0.36886644008439540  0.38043263460724108
  0.39254207598962415  0.40381579595557815  0.41483242527396691  0.42591268108846037
  0.43699223935625264  0.44806350057158972  0.45922707041358291  0.47042454688850632
  0.48085247868929154  0.49093659131464723  0.50101947227118415  0.51027917859212601
  0.51925666355616173  0.52823062120931408  0.53747229015524955  0.54691301398183345
  0.55653208382105512  0.56669144424677254  0.57708021854643976  0.58737680264602032
  0.59754137884568426  0.60787760712409500  0.61877176796024280  0.62994376394540419
  0.64122240949892439  0.65276320306228375  0.66451302747532881  0.67525488614359019
  0.68559593125050144  0.69607281216747463  0.70620373078875198  0.71599910602224270
  0.72560374452506882  0.73594003556335352  0.74692517204554643  0.75742306759997546
  0.76728947642079115  0.77726363185757164  0.78721584598881555  0.79726329185970746
  0.80704856365369870  0.81718826943868139  0.82786585435827109  0.83792592438765212
  0.84728115463948694  0.85661393905019545  0.86629804331813143  0.87602765360547064
  0.88562948472173053  0.89542036378571499  0.90586386045501721  0.91600475696127770
  0.92550651731583167  0.93499980662721460  0.94484598793193242  0.95440530438535853
  0.96297586002583457  0.96674045111222617  0.96818162229718630  1.00000000000000000
 -0.00008815743550086  0.00094334286457240  0.00209661945036553  0.00372590891699876
  0.00577259484727307  0.00821930141874331  0.01110403897364606  0.01435601965219588
  0.01802791680529208  0.02199415468895655  0.02646397736176964  0.03118530448246736
  0.03620339875764998  0.04166501685497408  0.04716834813806428  0.05292692549825487
  0.05901552458244370  0.06548652513402013  0.07211886769541687  0.07886066112285942
  0.08606674998161845  0.09369912916283778  0.10169155749063247  0.10978313633150720
  0.11806690334654762  0.12698698565935912  0.13630335018335060  0.14556430624567113
  0.15496062338164546  0.16416249929323437  0.17312152040230228  0.18234807210546894
  0.19180971934596464  0.20112595887054352  0.21044414050655696  0.21999269315610817
  0.22991425649952801  0.24028753027789138  0.25098382148768394  0.26189193233917774
  0.27282260113929740  0.28373777326822169  0.29508934800622305  0.30666447176976769
  0.31773433694114300  0.32882340048561770  0.33972220119295521  0.35103614791512733
  0.36258164085995603  0.37446864015287540  0.38610428955411541  0.39760396945793430
  0.40951177941740574  0.42156532788394896  0.43407121282246769  0.44628866671745315
  0.45824634199530034  0.47030959078651169  0.48279405194508390  0.49531936531847209
  0.50724777241091534  0.51905831114038758  0.53136675295217406  0.54370230410032250
  0.55660448295245379  0.57036050029032448  0.58473287856184974  0.59954421601195751
  0.61359561500049886  0.62705068082272253  0.64033901893278378  0.65354823010570418
  0.66668520589029490  0.67979426101256657  0.69264306590022306  0.70552868678507941
  0.71861842083487426  0.73213400848957033  0.74579757643105915  0.75933884902290594
  0.77335359445719876  0.78764736980760164  0.80303009363359501  0.81852468508616438
  0.83360982519446869  0.84879075499839318  0.86552820366840311  0.88202934482736572
  0.89845511477057849  0.91427668287660024  0.92901925944660690  0.94379378202138897
  0.95846749694975419  0.97269192214557765  0.98647558372852351  1.00000000000000000
 -0.00212899150547427  0.00979568569088464  0.01946424600793062  0.02907410585273399
  0.03865213474598439  0.04879242400681611  0.05980596974798848  0.07092080242786297
  0.08059674044316426  0.08986175326598927  0.09987513404790116  0.10926017307373143
  0.12024771387833760  0.13070768825901277  0.14213750245561355  0.15314192987383077
  0.16366908258234902  0.17380570806389048  0.18377082696649080  0.19391821714242108
  0.20408299038455624  0.21484042093745304  0.22600801520452318  0.23737387767562693
  0.24887164086263150  0.26011187698507515  0.27086395162697530  0.28103831953268105
  0.29123457820096227  0.30202821586881851  0.31349334544230689  0.32559403800825010
  0.33811321611789796  0.35028706290977213  0.36158786273219989  0.37201049858073126
  0.38199319153237971  0.39189509244930704  0.40212412562089928  0.41301304188032745
  0.42510858572947924  0.43796108202780493  0.45037051998501698  0.46196827962384046
  0.47322992976869060  0.48414025338637839  0.49515393059425500  0.50683023115998238
  0.51794524734760816  0.52846694890750345  0.53822388495779683  0.54809981928739060
  0.55768096439988946  0.56721405968185012  0.57699625571186319  0.58712137655994923
  0.59725995914736918  0.60750266353465987  0.61788173926476408  0.62791717680230674
  0.63723287412585472  0.64673739734345037  0.65676940419075491  0.66724472583953787
  0.67778440629077497  0.68805133454742673  0.69840595773524372  0.70846901568431420
  0.71868437391339668  0.72882405841977971  0.73931830234443940  0.74942762423464160
  0.76021295094640917  0.77081178263487671  0.78205025642042558  0.79352387623474918
  0.80320431482384169  0.81411922625469513  0.82362859046638393  0.83289267400236788
  0.84159998094710087  0.85042072574955219  0.86000046686970322  0.86999770265262455
  0.88051284676618558  0.89101548816491749  0.90164511734747887  0.91206606767845577
  0.92276952263053513  0.93424792981426985  0.94614848873544222  0.95881009313767973
  0.96945198143926403  0.98007019231402492  0.98980349107278898  1.00000000000000000
 -0.00235692775129689  0.00875456225125756  0.01845583901039599  0.02858428505916909
  0.03918085118996258  0.04978958403282843  0.06042951296425369  0.07036191360862756
  0.08030644677168601  0.08968889288840427  0.09907475835017457  0.10824587604520443
  0.11756020374182823  0.12698266515809034  0.13671469780382078  0.14607501380203794
  0.15648270923576532  0.16649792383035164  0.17835532730666406  0.19011424631940324
  0.20165447467092182  0.21283945602623058  0.22379168382846173  0.23477022797943756
  0.24511695207108719  0.25521327024733659  0.26480097101541972  0.27388548842167781
  0.28264361453068154  0.29134236116051337  0.30031101747191247  0.30953705158839906
  0.31918583638061926  0.32885284804528236  0.33881129064553400  0.34927082823441857
  0.36003715982696410  0.37086891049883997  0.38138940345558209  0.39153322608978736
  0.40147724087931586  0.41124632518410331  0.42127112981696485  0.43187710471062496
  0.44264769540080862  0.45339603840744158  0.46432566801299630  0.47516247298998743
  0.48746056703206009  0.49937002666499081  0.51156424641204390  0.52381469136543413
  0.53633726073387755  0.54857466960818624  0.56051348273363444  0.57147779889167905
  0.58241786152137764  0.59342938803576706  0.60451390317804865  0.61572060994424194
  0.62665858102906291  0.63736484765506818  0.64786141792234364  0.65832504440039918
  0.66888654889305310  0.67998778312451358  0.69066787406697128  0.70082430497391257
  0.71090772027450766  0.72181050861008822  0.73246802321076432  0.74326936367337015
  0.75404032069171945  0.76349308889267187  0.77233042308043132  0.78093277427124841
  0.79041995898708406  0.80040214249455321  0.81059452207060945  0.82092902112492550
  0.83127117510198201  0.84157898755928795  0.85193447556915236  0.86235708505629682
  0.87266722369235106  0.88284145091022304  0.89330944527543787  0.90444988177287200
  0.91608588123484369  0.92730113749109166  0.93867304786115136  0.95088572330172505
  0.96320900925454123  0.97527724905078472  0.98751822460959737  1.00000000000000000
 -0.00248925753608999  0.01038376054805667  0.02127716682451326  0.03279002825866677
  0.04371894643220735  0.05421244856811984  0.06463045360635085  0.07508530750623471
  0.08578039104498898  0.09643649751762888  0.10713241769620910  0.11776094532540438
  0.12905720151226499  0.14116072091998871  0.15305030585962517  0.16431548470554158
  0.17496870372005488  0.18497905095444925  0.19478165660560362  0.20440618492520160
  0.21419700188269025  0.22412888218426838  0.23486272715186884  0.24658138929062931
  0.25814840528693062  0.26926557042646859  0.28040649415328384  0.29163900673871923
  0.30233062052137638  0.31292032652118162  0.32370716142248007  0.33473691055357691
  0.34599232443109695  0.35789833970714224  0.36983545550240521  0.38075035520409567
  0.39028494100781014  0.40030181200674192  0.41050279760103309  0.42074381916690889
  0.43069054373476751  0.44088445347703875  0.45250793889603191  0.46492924550733611
  0.47865734442114949  0.49121029257904109  0.50301045223760465  0.51436290931501172
  0.52455319194525996  0.53425520700123263  0.54462369112064146  0.55607625191530519
  0.56762766537846476  0.57870959019113100  0.58980029568856951  0.60153836464452470
  0.61205283900659546  0.62236024029877834  0.63231480205717816  0.64293975802600833
  0.65390693511961295  0.66537075111209676  0.67732189405251453  0.68852221415730497
  0.69872832268655827  0.70897342857404955  0.71946479485499448  0.72974297588107873
  0.73947311072582544  0.74900193025368944  0.75952973995169815  0.76991214781511208
  0.77985098275596731  0.78988917004622727  0.79994868596719981  0.81110962537874409
  0.82166693450200234  0.83233640950549814  0.84190892968076636  0.85060378028038475
  0.85898190273877273  0.86781024502605475  0.87706862157138066  0.88622264288240438
  0.89532828196848802  0.90495662676321320  0.91429921098371891  0.92418818369129141
  0.93418374880617883  0.94392043222014588  0.95350471974426132  0.96334599111756469
  0.97326327807897417  0.98254828156658747  0.99135578732304042  1.00000000000000000
 -0.00079724064851958  0.00893611608283209  0.01518321878410078  0.02035116202844217
  0.02476118573466305  0.02889268937853278  0.03283287893039533  0.03670174998788266
  0.04044352544729846  0.04399376745279316  0.04743606603173469  0.05092018000779171
  0.05440805296358918  0.05784705496422216  0.06132151729602733  0.06473350899085444
  0.06805272455382180  0.07135122851169445  0.07463250706867487  0.07790402161396556
  0.08118782474463043  0.08443762718623560  0.08783752371935108  0.09115372720482202
  0.09452833567009924  0.09791518830228721  0.10131676981142712  0.10480410738966965
  0.10837407347880537  0.11185697412800714  0.11528777882213756  0.11878106482380187
  0.12224625079533005  0.12568156010679257  0.12916217473545855  0.13262936077466114
  0.13620038826066913  0.13964183154421600  0.14312772745071595  0.14669404435789718
  0.15037542393833142  0.15414107590667137  0.15791200454666968  0.16169403260409984
  0.16557797528219065  0.16953176430824660  0.17341845631947803  0.17733589451024237
  0.18136302274069052  0.18546588479520551  0.18973992299992068  0.19412932462501750
  0.19855692195545011  0.20302414542692318  0.20760316888035210  0.21234156491903272
  0.21714385696253555  0.22190952488021085  0.22673488308962428  0.23173431439939143
  0.23706129005097507  0.24247646338956111  0.24792167474038743  0.25318089557998791
  0.25841203989572592  0.26367678561924446  0.26910959365415565  0.27483209946506970
  0.28089075411269465  0.28703757384503126  0.29366420185270076  0.30109104941140769
  0.30873073721979200  0.31662622047911726  0.32493019115030636  0.33371486147223628
  0.34284863251311498  0.35246163113109114  0.36238723693766800  0.37297841224275263
  0.38433824053949084  0.39680824388225433  0.41086126634055886  0.42633717298708157
  0.44316014280245508  0.46215505928114997  0.48455989386223774  0.51277717102716569
  0.54427503182654602  0.59205181038038035  0.65834422946088167  0.72765888405613033
  0.77553587341067531  0.80664937159863770  0.86163848160484036  1.00000000000000000
 -0.01251106696116350  0.10730395961706285  0.14531711422732602  0.16671662834871859
  0.18430534511359428  0.19975517193150272  0.21323700461372444  0.22521444604452881
  0.23552114475511754  0.24558750307822683  0.25514715421124251  0.26460739961620949
  0.27363702999723361  0.28196249802646128  0.29008837338533783  0.29793545962941120
  0.30543938696884687  0.31299650770412668  0.32053537192047304  0.32797693923519894
  0.33519608744351193  0.34213683330195183  0.34906715114676129  0.35595086206701326
  0.36253515346897480  0.36918412840264714  0.37562366765430522  0.38188919647863750
  0.38818642311023555  0.39456677407664031  0.40108342991896850  0.40754757015002563
  0.41378600413672423  0.41975712841375934  0.42545390962246893  0.43108391353032705
  0.43675687248834844  0.44237076395223129  0.44788718579400094  0.45327362086386719
  0.45866820907417666  0.46414055073520294  0.46981133927940494  0.47528061520366666
  0.48035306775865289  0.48517211171995239  0.49018136702035725  0.49545244749579792
  0.50085287174153703  0.50613026380844373  0.51115368008042961  0.51628278441729480
  0.52161976612020233  0.52709420137216778  0.53239344021874024  0.53743966090300432
  0.54248247842939623  0.54746114595028894  0.55255996467138968  0.55775828279951967
  0.56344885391452604  0.56958506252536711  0.57589550977559611  0.58222690942654354
  0.58855335833578371  0.59475882526032109  0.60089957226408641  0.60713841404257884
  0.61347615675207534  0.61998407677454559  0.62649166768284703  0.63296584956150936
  0.63971871056746699  0.64659674039268655  0.65377391841217558  0.66102396400577679
  0.66810389272269888  0.67485626935575249  0.68161149851733593  0.68860762117415175
  0.69574750425658560  0.70276543785489309  0.71008527515004083  0.71800883909583346
  0.72623362182307793  0.73488171464577801  0.74398569994625285  0.75379261052726299
  0.76556249830007839  0.77788376988959762  0.79124696901918468  0.80693220848188618
  0.82618799439461477  0.85090042606226335  0.89095436715667153  1.00000000000000000
   7.7654111641300005E-010   1.2849668571400001E-005
  <DiscreteSampler_grid>
  Helicity
  1 # 1 for a reference and 2 for a running grid.
  80 # Attribute 'min_bin_probing_points' of the grid.
  1 # Attribute 'grid_mode' of the grid. 1=='default',2=='initialization'
  0.0300000000000000 # Attribute 'small_contrib_threshold' of the grid.
  0.3330000000000000 # Attribute 'damping_power' of the grid.
 # binID   n_entries weight   weight_sqr   abs_weight
    1   4369   3.464561961265273E-009   1.819942861667762E-016   3.464561961265273E-009
    2   113   2.598588652876916E-011   2.028967485316783E-020   2.598588652876916E-011
    3   102   1.256487391355534E-011   2.440907422731436E-021   1.256487391355534E-011
    4   4238   3.388068315562849E-009   1.711185985444768E-016   3.388068315562849E-009
  </DiscreteSampler_grid>
  <DiscreteSampler_grid>
  grouped_processes
  1 # 1 for a reference and 2 for a running grid.
  10 # Attribute 'min_bin_probing_points' of the grid.
  1 # Attribute 'grid_mode' of the grid. 1=='default',2=='initialization'
  0.0300000000000000 # Attribute 'small_contrib_threshold' of the grid.
  0.3330000000000000 # Attribute 'damping_power' of the grid.
 # binID   n_entries weight   weight_sqr   abs_weight
    16   10   1.902880872530000E+001   8.846034343650001E+002   1.902880872530000E+001
    22   10   1.902880872530000E+001   8.846034343650001E+002   1.902880872530000E+001
    10   10   1.902880872530000E+001   8.846034343650001E+002   1.902880872530000E+001
  </DiscreteSampler_grid>
