-0.0009447321425432 +0.0121913855306307 +0.0226884780177296 +0.0342248337176048 
+0.0453914603031247 +0.0560270670236566 +0.0666640021745702 +0.0775565600210995 
+0.0886394012741061 +0.0999439142731342 +0.1112040045502853 +0.1224344004330850 
+0.1331645826528844 +0.1437965773734061 +0.1546589555741605 +0.1655746380573407 
+0.1763612804401640 +0.1868355179387446 +0.1973033672960508 +0.2076469615326939 
+0.2179785738147242 +0.2281926976480613 +0.2384989029065834 +0.2487722648676166 
+0.2592003864434748 +0.2695643009416170 +0.2800030841395469 +0.2904244852241120 
+0.3008351454382461 +0.3114839952645845 +0.3223214497025748 +0.3332081496463537 
+0.3438884669719843 +0.3546349585611108 +0.3656918175015077 +0.3766500932592228 
+0.3873581197323552 +0.3981702893630887 +0.4092012604807682 +0.4201017887015296 
+0.4307812702894742 +0.4417819767416343 +0.4529943876458093 +0.4637810972262056 
+0.4745281303971340 +0.4855545485942383 +0.4967963852917802 +0.5077699621700362 
+0.5187275383147864 +0.5294480464938585 +0.5397336333198185 +0.5498525102309558 
+0.5598876277020628 +0.5704571031786929 +0.5811188511816151 +0.5917480157725441 
+0.6023916343500128 +0.6129723864014467 +0.6235096383650122 +0.6337046960140903 
+0.6437822238541726 +0.6539319589944436 +0.6640715048394057 +0.6743363280921733 
+0.6845900383450673 +0.6948524252917533 +0.7050335039809159 +0.7152154749996055 
+0.7254860606072646 +0.7358284907771243 +0.7458774148301845 +0.7560086656932896 
+0.7663974747201497 +0.7767757854824070 +0.7875389757346973 +0.7982279884305855 
+0.8091528687132767 +0.8197093179926701 +0.8300158582875770 +0.8402536794888849 
+0.8505868271597463 +0.8610671574687105 +0.8715380775702722 +0.8816532009249082 
+0.8917024973573926 +0.9015264156202621 +0.9114716442638096 +0.9213843756558631 
+0.9314383967496620 +0.9414671451809392 +0.9514345602857694 +0.9613411557858199 
+0.9715038148598566 +0.9814605815963795 +0.9909448075708280 +1.0000000000000000 
-0.0023613188433730 +0.0100323670472976 +0.0194631137346724 +0.0299432005307053 
+0.0404705882306064 +0.0513215333926229 +0.0619666752047330 +0.0730357864138216 
+0.0835376481180076 +0.0942092336166053 +0.1047937320375203 +0.1157343462600195 
+0.1265398309921343 +0.1370936787437689 +0.1478201093747522 +0.1580855343595359 
+0.1681896656541415 +0.1781234251513337 +0.1881918352314088 +0.1987771591023348 
+0.2094503327409186 +0.2204062928168773 +0.2314588806591875 +0.2429923176836841 
+0.2545715761323952 +0.2660118988547892 +0.2769652611189045 +0.2876582902897949 
+0.2978823551597484 +0.3078780833965690 +0.3179698908487908 +0.3283026935011700 
+0.3387498222019149 +0.3493490522521649 +0.3601075498490298 +0.3707440413477309 
+0.3816256705838346 +0.3921122849821309 +0.4025924686954576 +0.4129143648323026 
+0.4235465764152044 +0.4343755811694331 +0.4448916609571069 +0.4554578735786983 
+0.4658230315499047 +0.4764713458928130 +0.4872703383878432 +0.4982046757093445 
+0.5086221996941569 +0.5185673910170354 +0.5287509914241000 +0.5389814829910511 
+0.5492234840380498 +0.5596178216304335 +0.5698804788848487 +0.5800002584068159 
+0.5900602195612978 +0.6002120684312596 +0.6108461443028808 +0.6218250511800991 
+0.6329220392008325 +0.6438181121615817 +0.6544037131335273 +0.6647732797567945 
+0.6753136968988430 +0.6858802780275188 +0.6963583815340836 +0.7068149110615131 
+0.7174444197529614 +0.7281443079212884 +0.7385432774258992 +0.7485352220209963 
+0.7585758233750602 +0.7688440661395461 +0.7794742215895146 +0.7904211196190732 
+0.8014024780580324 +0.8121925338953487 +0.8227478332976698 +0.8331988763421601 
+0.8435833919560982 +0.8539635797129672 +0.8641497288978292 +0.8743303882232254 
+0.8845349434169398 +0.8946633102982112 +0.9046933189733882 +0.9144633944418250 
+0.9245233643121199 +0.9347402248654531 +0.9453085362780735 +0.9558891304408681 
+0.9666776645612482 +0.9774796295759970 +0.9886271541833014 +1.0000000000000000 
-0.0019847471604241 +0.0098514027346997 +0.0191392792481717 +0.0295024626423160 
+0.0399421551749288 +0.0501573913591873 +0.0600351466064818 +0.0703142768419433 
+0.0806168911435252 +0.0909840289413517 +0.1012603949709982 +0.1120953859945011 
+0.1229587767713144 +0.1337235226864394 +0.1442395082608219 +0.1552915834078277 
+0.1664495915282763 +0.1777054862448724 +0.1884354558039766 +0.1994681386024674 
+0.2102405286673162 +0.2207864041793015 +0.2313659917900656 +0.2419755066953034 
+0.2528084191169407 +0.2636305909271605 +0.2741861639758800 +0.2846933523857901 
+0.2951162514436936 +0.3054906526005586 +0.3160900311017882 +0.3267691026661365 
+0.3373357191921686 +0.3474762246821780 +0.3579771306923981 +0.3688859007657695 
+0.3798736023108426 +0.3906198104079843 +0.4015482327974533 +0.4126691901766184 
+0.4235656856771691 +0.4342520757852003 +0.4450464662610232 +0.4559341041631668 
+0.4667597013766100 +0.4773989421924738 +0.4876917265679230 +0.4977096364461252 
+0.5078777653457585 +0.5183110662721088 +0.5289357544696949 +0.5396276708314106 
+0.5504665578140477 +0.5613574981535537 +0.5721012114835446 +0.5826703689394841 
+0.5934877877249861 +0.6042213429115650 +0.6149807182330829 +0.6256028623414667 
+0.6365548468133171 +0.6474096627740948 +0.6580072015247967 +0.6686013273734048 
+0.6793816610925566 +0.6904574438437373 +0.7014033510725562 +0.7121868281729431 
+0.7230712169668059 +0.7336285494890918 +0.7437958504247826 +0.7538743213475297 
+0.7636941996653601 +0.7737673842755146 +0.7840727760949550 +0.7946279599222980 
+0.8052109339065670 +0.8154687095879278 +0.8254355161753633 +0.8353297481547670 
+0.8451240799762905 +0.8548786419995394 +0.8643340806484829 +0.8737180155231142 
+0.8835811357048379 +0.8935679984068734 +0.9038783036624582 +0.9142367478264897 
+0.9244818872730828 +0.9347003029257037 +0.9450474681967125 +0.9557681508799767 
+0.9669864160491928 +0.9780468853246170 +0.9891708886340845 +1.0000000000000000 
-0.0026712982481739 +0.0104305822105510 +0.0203168210864655 +0.0308681046486460 
+0.0417058455256291 +0.0524235322188130 +0.0629490790806011 +0.0733806757535969 
+0.0841341691272335 +0.0947062046331126 +0.1053429348375419 +0.1154195353654998 
+0.1256143417322272 +0.1355668415093811 +0.1456562325127305 +0.1558625729316460 
+0.1660859751755218 +0.1765295151993669 +0.1868744153263416 +0.1975674336380710 
+0.2082589533426932 +0.2187504577463836 +0.2293660329767651 +0.2401144449966326 
+0.2511772003001331 +0.2624734113131247 +0.2737264446638885 +0.2848232972940129 
+0.2958044739840837 +0.3069192250364301 +0.3176964255960174 +0.3283324783617959 
+0.3387665986342461 +0.3491730179440867 +0.3597416743561411 +0.3704398159358229 
+0.3816321326624451 +0.3926866641282628 +0.4036772991267161 +0.4146249071151044 
+0.4255106182515641 +0.4362857720255741 +0.4471475321184638 +0.4578665935935568 
+0.4682946403931800 +0.4784641717788419 +0.4887888064930948 +0.4988492548615180 
+0.5090973318730293 +0.5192270955941829 +0.5296857590197681 +0.5403612405196849 
+0.5507765001890796 +0.5610698139330473 +0.5710652536749776 +0.5809714604766706 
+0.5909332351206715 +0.6013073680877838 +0.6119226925181985 +0.6226459969934035 
+0.6330920568787594 +0.6434138015473846 +0.6537014224160129 +0.6640163657350541 
+0.6748151654596196 +0.6860838908661523 +0.6972212572678960 +0.7079339140716641 
+0.7184226917083907 +0.7288257611300264 +0.7391227536028092 +0.7491469380997766 
+0.7593335025353168 +0.7695826624511717 +0.7802114857327223 +0.7911080097311637 
+0.8020748424268560 +0.8129482428000988 +0.8232024538607529 +0.8333558350994894 
+0.8433354274158077 +0.8532307493896133 +0.8633650723825917 +0.8734813019111766 
+0.8838488580927104 +0.8941154631454501 +0.9045008287828106 +0.9150175044875992 
+0.9255252398791325 +0.9360284127161045 +0.9465123994060317 +0.9572078911255284 
+0.9676526878475352 +0.9784963469403628 +0.9892769457235721 +1.0000000000000000 
-0.0024929210219487 +0.0103652925268660 +0.0203057703119914 +0.0312258410722887 
+0.0418319654506068 +0.0527580389205505 +0.0633835618795300 +0.0747619787363921 
+0.0860943706523335 +0.0975617080324652 +0.1085988823722452 +0.1193281526279941 
+0.1296009360805869 +0.1397402209154012 +0.1500422308436866 +0.1606852658346809 
+0.1714109708248545 +0.1820846992849691 +0.1930071861214039 +0.2037906450396299 
+0.2144720318189913 +0.2251022869638206 +0.2355997874598446 +0.2461279081427274 
+0.2563589183783243 +0.2665511386047750 +0.2767555147370847 +0.2868960302617699 
+0.2972516313214736 +0.3077669852813279 +0.3181211194294485 +0.3283837173198581 
+0.3386818479583326 +0.3491779925009345 +0.3594760819192775 +0.3694158365393511 
+0.3794433627851418 +0.3897399463282013 +0.4001038168816720 +0.4105689376629491 
+0.4213938373231234 +0.4323665603100011 +0.4431417774533249 +0.4536596664725850 
+0.4640470469722234 +0.4741664803086458 +0.4841795810772433 +0.4942926921554581 
+0.5045540236724680 +0.5148817953599765 +0.5251876204768228 +0.5356731458163156 
+0.5460521815060196 +0.5563466239039810 +0.5665970579693176 +0.5766311753670708 
+0.5867819563905665 +0.5970749814626553 +0.6075355272961579 +0.6179474496477964 
+0.6286710786045454 +0.6397259597171402 +0.6505409349377164 +0.6609414424451830 
+0.6712377838555712 +0.6815447194027934 +0.6920767707390673 +0.7025583070020316 
+0.7130362231436600 +0.7235580727835500 +0.7341658199287111 +0.7446631108596253 
+0.7551167846416872 +0.7653404368650264 +0.7759047401614301 +0.7867383716197567 
+0.7977653182432616 +0.8087689266051219 +0.8198060329228847 +0.8307167834927998 
+0.8414145543859669 +0.8519372992213851 +0.8622920975155169 +0.8725036605736839 
+0.8827463617291367 +0.8932895881591895 +0.9038263208225596 +0.9145226409155812 
+0.9253054964093373 +0.9362569770294840 +0.9465881566254748 +0.9569571493757328 
+0.9676645775035987 +0.9785103900144126 +0.9892969409540557 +1.0000000000000000 
-0.0011890285952760 +0.0093866183829443 +0.0163534968276961 +0.0222247142700181 
+0.0275338851025670 +0.0324334674015921 +0.0371690299375855 +0.0417314064834799 
+0.0460648485804158 +0.0502851884219208 +0.0544746335222786 +0.0585710851257906 
+0.0625876677028832 +0.0665437693157510 +0.0704882209909535 +0.0744509526940431 
+0.0783981922762013 +0.0823300250581105 +0.0862598568196770 +0.0901849697766881 
+0.0940766803636721 +0.0980057565960295 +0.1019005961865375 +0.1057522041534192 
+0.1095283746780821 +0.1132531961240087 +0.1169747490668573 +0.1207152067937724 
+0.1244752070571822 +0.1282130214675775 +0.1319227603567151 +0.1355971367781479 
+0.1392841432171558 +0.1430440094756994 +0.1469035526191902 +0.1508295274094562 
+0.1547683340231031 +0.1586283178627606 +0.1625063004406678 +0.1664362349242013 
+0.1704895703303831 +0.1745933876222739 +0.1787051546222473 +0.1828387909249629 
+0.1870230474260074 +0.1912946952233163 +0.1956644242198918 +0.2000505446670257 
+0.2044303291378448 +0.2088665868230200 +0.2133623733796986 +0.2179229419981187 
+0.2225243937112257 +0.2271545350446408 +0.2318487150516068 +0.2366565321959601 
+0.2416255083981709 +0.2466706659164437 +0.2517713467358119 +0.2569325644723870 
+0.2621002313362527 +0.2674377920758985 +0.2729802788271742 +0.2787039279963678 
+0.2844743448822182 +0.2903193219479395 +0.2962569097390107 +0.3023226955619620 
+0.3085026748818374 +0.3149267389342520 +0.3216072785142126 +0.3284697977987571 
+0.3357102347613646 +0.3433383706771357 +0.3513176128274336 +0.3598991959921300 
+0.3688756875069915 +0.3784770894894657 +0.3887577947088977 +0.3998402129147136 
+0.4116318141449040 +0.4244957143608121 +0.4385214112438711 +0.4543931929771825 
+0.4725130980963232 +0.4934287061058322 +0.5180070047499923 +0.5485077040511210 
+0.5873133332532219 +0.6325144306785131 +0.6797746354253212 +0.7267334995499797 
+0.7735962209285949 +0.8233201336268678 +0.8834559592180631 +1.0000000000000000 
-0.0180022069341760 +0.1079654083266126 +0.1447687162658732 +0.1667928633685478 
+0.1845594421073973 +0.1997233463029939 +0.2129402037679325 +0.2249133356872605 
+0.2359058276971123 +0.2461801542923411 +0.2558782867593355 +0.2650888912711496 
+0.2740557452778425 +0.2825418773568135 +0.2908704047596982 +0.2988280336507783 
+0.3067120965635275 +0.3143087955249972 +0.3216990927983531 +0.3289506471529713 
+0.3361379055341316 +0.3431067324061118 +0.3498747876750376 +0.3564642246460515 
+0.3628921809245049 +0.3692199550897871 +0.3755168544472285 +0.3817259007254300 
+0.3879185856305971 +0.3941655128281331 +0.4002968301782910 +0.4062945948520831 
+0.4121509175075375 +0.4179273101825703 +0.4237133958978257 +0.4294497632531430 
+0.4352304361576043 +0.4408748602724427 +0.4464610706394948 +0.4520096493292622 
+0.4575319000203930 +0.4631037521641568 +0.4687320264007711 +0.4743501619663588 
+0.4800237481208707 +0.4858333136495351 +0.4916207224768869 +0.4974241320979715 
+0.5031774048385762 +0.5088490769419577 +0.5145478140717601 +0.5201855062016258 
+0.5257154970728958 +0.5311904544185688 +0.5366798572631657 +0.5422313616757921 
+0.5478399571165198 +0.5534001057952859 +0.5588753613034863 +0.5642893857689675 
+0.5698133304576580 +0.5754032790193054 +0.5811368872214909 +0.5870239697954057 
+0.5930052316246751 +0.5989293911468402 +0.6048806175197530 +0.6109336163361608 
+0.6171073787924678 +0.6233454176271890 +0.6296252444763256 +0.6359701231480057 
+0.6424796132854224 +0.6492896548219419 +0.6562782729153640 +0.6633440267375184 
+0.6704941879885368 +0.6778239271595671 +0.6851678615002753 +0.6926914174881278 
+0.7007095660310244 +0.7088275002418226 +0.7172408390365413 +0.7257392106713276 
+0.7346959517749732 +0.7440404731939881 +0.7539369605321813 +0.7644718493991878 
+0.7756062021880180 +0.7876369358608383 +0.8009166777686918 +0.8158267206472415 
+0.8329037470077022 +0.8547239519730763 +0.8911399219422070 +1.0000000000000000 
6.76623199519e-09 1.28626652093e-05 
  <DiscreteSampler_grid>
  Helicity
  1 # grid_type. 1=='ref', 2=='run'
  80 # Attribute 'min_bin_probing_points' of the grid.
  1 # Attribute 'grid_mode' of the grid. 1=='default',2=='initialization'
  0.030 # Attribute 'small_contrib_threshold' of the grid.
  0.333 # Attribute 'damping_power' of the grid.
#  binID   n_entries weight   weight_sqr   abs_weight
    4   7015 4.63403458702e-08 9.52420467408e-15 4.63403458702e-08
    1   6951 4.57990446719e-08 9.20162262785e-15 4.57990446719e-08
    3   101 1.47060764605e-11 1.29761449342e-21 1.47060764605e-11
    2   93 1.17919233013e-11 3.83772755174e-22 1.17919233013e-11
  </DiscreteSampler_grid>
  <DiscreteSampler_grid>
  grouped_processes
  1 # grid_type. 1=='ref', 2=='run'
  10 # Attribute 'min_bin_probing_points' of the grid.
  1 # Attribute 'grid_mode' of the grid. 1=='default',2=='initialization'
  0.030 # Attribute 'small_contrib_threshold' of the grid.
  0.333 # Attribute 'damping_power' of the grid.
#  binID   n_entries weight   weight_sqr   abs_weight
    16   10 203.500460585 86660.118796 203.500460585
    22   10 203.500460585 86660.118796 203.500460585
    10   10 203.500460585 86660.118796 203.500460585
  </DiscreteSampler_grid>
