  0.03045465706443970  0.03864956394621219  0.04682172298800717  0.05762744413638904
  0.06813978249563947  0.07888024868086049  0.08938993989778354  0.09952754415719910
  0.11004878763344852  0.12085919063810234  0.13130790868210768  0.14166848766314172
  0.15188073469678406  0.16153891926873210  0.17091841115758066  0.18035352863324994
  0.19047435766313792  0.20084318871390375  0.21071076796957752  0.21953197974766539
  0.22854630796712283  0.23720483481878576  0.24604518561509670  0.25489883914760064
  0.26387718104959895  0.27343476520857490  0.28392444826444801  0.29455946264080951
  0.30538441730981741  0.31600739682391366  0.32630433547923393  0.33696286569100126
  0.34819626058262282  0.35957965620888244  0.37104510932887030  0.38288387129411616
  0.39467003286726043  0.40543163767505147  0.41598297145795593  0.42703581285946618
  0.43814949292003424  0.44948513312435140  0.46068779258419884  0.47152266911716700
  0.48132788076998895  0.49054922049490030  0.50036877175494143  0.50984576342591736
  0.51898803758871193  0.52801945201202938  0.53726779140955849  0.54695807307115496
  0.55685588245593776  0.56682002478120419  0.57690032313160755  0.58704240368953775
  0.59756678244346584  0.60825821048514206  0.61971355673968842  0.63100661089473287
  0.64271431464190554  0.65409258117365521  0.66526715215690901  0.67525570843555149
  0.68504500070673469  0.69547616593668027  0.70588117673190809  0.71613369789789794
  0.72615041049637430  0.73707579289128833  0.74840589603846497  0.75885900988778743
  0.76879046160993569  0.77878478996341904  0.78920115943500668  0.79976849027317454
  0.81003215860914701  0.82070382529172381  0.83113348999921888  0.84075977316929407
  0.85002402945093214  0.85935266847639602  0.86894260540082646  0.87832497663143905
  0.88771697347112588  0.89737132927172703  0.90770671837021244  0.91740000935124011
  0.92626680993906108  0.93512735774446654  0.94437335362293795  0.95372567273927600
  0.96231485618578283  0.96674045111222451  0.96829096337527532  1.00000000000000000
 -0.00007857317348253  0.00093782092480178  0.00209683693231054  0.00376882000975476
  0.00589685711791833  0.00836392756131596  0.01130989780231995  0.01478443853899411
  0.01868401183217736  0.02283377215854407  0.02764154473935461  0.03247426436576843
  0.03746399588365569  0.04292367551945903  0.04856714632681637  0.05441088648759520
  0.06056585588828445  0.06689116405861151  0.07335922255164853  0.08027528350783512
  0.08796636451865869  0.09584904232601368  0.10379101876877334  0.11173888145003952
  0.11980479634180251  0.12828159021199170  0.13692837065788849  0.14554227970654260
  0.15433257657975355  0.16327355007168276  0.17225552165697972  0.18153218889311637
  0.19084737250861866  0.19998869789671675  0.20922112251487326  0.21890811708866079
  0.22893183778469026  0.23924176876957554  0.24988856396571654  0.26096078591861394
  0.27203250729725548  0.28316577878901161  0.29423097251323577  0.30560564041952443
  0.31627165200120605  0.32727009511497751  0.33829875807313370  0.34988098220693359
  0.36205237493038617  0.37451268051567177  0.38694485872122664  0.39934532465872241
  0.41208055072945865  0.42543043673887276  0.43862643025886838  0.45152490124601907
  0.46322076790902883  0.47508334980910905  0.48724085508891757  0.49949612150071554
  0.51172277225914076  0.52402812619094785  0.53647100872328979  0.54854933804966721
  0.56128505744486579  0.57448956929817352  0.58803469520524843  0.60173616021686116
  0.61518535405101682  0.62824801007654496  0.64149542993022857  0.65480955908006944
  0.66814511775264096  0.68143285344872695  0.69422705067113555  0.70672178111764594
  0.71958822777420561  0.73310515577741764  0.74700272471331441  0.76096518607764563
  0.77487497136049732  0.78842424252295806  0.80273180505346364  0.81722504766387039
  0.83171780591811006  0.84629627011735464  0.86269116464603079  0.87886163011488749
  0.89504774593224157  0.91114961638098979  0.92598470856817705  0.94148626751238107
  0.95710792544276291  0.97212754932952172  0.98633268953811915  1.00000000000000000
 -0.00215392073324732  0.00996384530841435  0.02013972142525527  0.03081273020967492
  0.04146674244223664  0.05207932465194268  0.06243044866947977  0.07246962709331138
  0.08189294504190883  0.09154908739401968  0.10149132672661178  0.11188002816089154
  0.12336403290609665  0.13432839636858424  0.14508964988054968  0.15537896110530414
  0.16625968767527521  0.17734132542298248  0.18781735650174608  0.19800548839964982
  0.20833967434903508  0.21943862138547435  0.23085766573587727  0.24238254585184615
  0.25387437444444366  0.26498451321376992  0.27552863622430301  0.28578347842669871
  0.29610936179071862  0.30684739123378851  0.31858364683745305  0.33082267405338595
  0.34328055392134355  0.35481980192080892  0.36536203385177118  0.37552166009848126
  0.38546972433604404  0.39568754081484186  0.40666776125313858  0.41851554428644211
  0.43180094829773757  0.44432399181897753  0.45596977742202482  0.46727127375557792
  0.47827178070385012  0.48897240058525082  0.49999171400235370  0.51135391260366270
  0.52268654701917416  0.53329723300180942  0.54370828606663202  0.55377829584569882
  0.56348046853272615  0.57314564700191406  0.58287371022922663  0.59265489988353304
  0.60225427353451022  0.61176344225279145  0.62114967311397207  0.63011466846961406
  0.63909546620409163  0.64839105746560721  0.65820218356580518  0.66834207504546050
  0.67847123409535393  0.68864723341878020  0.69876698199787179  0.70887439037918631
  0.71892204222715639  0.72893013503537363  0.73913672599092473  0.74917085759135305
  0.76010696262876565  0.77106813658784090  0.78261674670567016  0.79431489396643262
  0.80408066439097525  0.81499415848755030  0.82469505002603294  0.83440264940772579
  0.84331217386415092  0.85228626217629755  0.86203466839370257  0.87223822674619622
  0.88290835525379685  0.89325924498566556  0.90328128480882186  0.91309158977214699
  0.92347259062472498  0.93485574701489682  0.94644812250212562  0.95847248003142305
  0.96840833544605465  0.97885360201884264  0.98897942776001657  1.00000000000000000
 -0.00220898192400915  0.01012571392657954  0.02011941202048071  0.03036410843001614
  0.04071534151656052  0.05122215527059679  0.06184783187460043  0.07177361243576469
  0.08220242228137112  0.09200391032784258  0.10209194101958864  0.11148410208164247
  0.12086425562276991  0.13023897046036351  0.13976704371372256  0.14930152869810875
  0.15944942962634626  0.17005853692475059  0.18186891824277063  0.19374929297413454
  0.20523268073749154  0.21651345571001682  0.22714282571479041  0.23738465833577585
  0.24695678611271082  0.25656211962752179  0.26571314194280621  0.27467829531072319
  0.28353066655393938  0.29275758328384605  0.30194265879499332  0.31094679319885321
  0.31992904191200572  0.32909913259326989  0.33882720229635149  0.34913182924462127
  0.35967427059036294  0.37040686740088752  0.38102858306856513  0.39143706092553437
  0.40164853436584824  0.41135285896385793  0.42111503931382493  0.43146000008455776
  0.44278775667499470  0.45473742012143176  0.46633330286062558  0.47744932436880588
  0.48876937262834497  0.50023729080900559  0.51243910679748894  0.52444010725056922
  0.53639806174581117  0.54776944144995121  0.55882566964279567  0.56950806129243337
  0.58025599992502519  0.59142989338855789  0.60249492824193029  0.61341581353998920
  0.62445195372233697  0.63564649390776584  0.64679058555521651  0.65745409788397990
  0.66782442082763405  0.67878944100431415  0.68986289377071708  0.70080658078897107
  0.71151000042828938  0.72249671921355785  0.73266866808820974  0.74304789741439903
  0.75332122057214534  0.76288845954360196  0.77179435572984789  0.78055489656582921
  0.78986492345050963  0.79988066542152014  0.81032994330704744  0.82069770000378794
  0.83066525906685973  0.84070230837843440  0.85117867984630358  0.86179324199859975
  0.87200106612756700  0.88186816663250656  0.89198157720476623  0.90262981672702414
  0.91397787492129723  0.92517913235312910  0.93626527528594605  0.94801171816713758
  0.96035606948193453  0.97272492402238964  0.98624115848653571  1.00000000000000000
 -0.00247930204876880  0.01111466905555856  0.02255601527393967  0.03473159733693233
  0.04576677592627706  0.05626841365427395  0.06625379409146198  0.07651563453193633
  0.08687142794389907  0.09714511880578947  0.10732278456283412  0.11757767798452763
  0.12895719600495809  0.14127918303240730  0.15314879656035590  0.16416684753906582
  0.17455380688074296  0.18449243068799739  0.19457716906634745  0.20497753046865305
  0.21576123348112861  0.22579839928432996  0.23630059225880404  0.24759056199175980
  0.25958750745816705  0.27208508140391008  0.28440337452833553  0.29575335839092820
  0.30598830151617273  0.31648570017155853  0.32733389303632549  0.33869103571972087
  0.35014985746320132  0.36169659537364651  0.37282920718635915  0.38306351048633758
  0.39283291301439599  0.40265026359582207  0.41265595446436426  0.42294908018647620
  0.43339820992914890  0.44423010959399450  0.45547821936921434  0.46737182683751144
  0.47997216749831501  0.49200163198093411  0.50353463564695367  0.51501169174670014
  0.52539090700071756  0.53563472902470255  0.54648838352649876  0.55824019669307534
  0.56960520741366361  0.58029123512339320  0.59076559807161910  0.60138161454755301
  0.61140192967412821  0.62160494275968592  0.63205329269172672  0.64308490558571785
  0.65402024540564374  0.66499951056941797  0.67616410057383602  0.68712508690240981
  0.69768144887968853  0.70821425709643915  0.71886431035971943  0.72898038943486798
  0.73862862341004842  0.74839399322355704  0.75915998300003296  0.76967335425754424
  0.77965634984234244  0.79005540214791714  0.80074817577779112  0.81200289044801488
  0.82225527486035654  0.83230887584411695  0.84163046886814807  0.85038854959260968
  0.85893932796450001  0.86735891403461984  0.87582141396717783  0.88454239633226028
  0.89342343590034312  0.90261160033248289  0.91199751320056310  0.92219380709771748
  0.93291749488391174  0.94295476602796779  0.95276269578135520  0.96266694898625105
  0.97279054609623838  0.98221864235301104  0.99125430369587142  1.00000000000000000
 -0.00083433524028917  0.00900153987018440  0.01527146961507166  0.02044878776873434
  0.02504894007658041  0.02921750453595625  0.03313939748548769  0.03691358985449475
  0.04059708402474103  0.04414039667419678  0.04758366507398602  0.05102829507421093
  0.05436298958789275  0.05757640333613036  0.06073620333100461  0.06397140989420640
  0.06726670512996821  0.07058896310952235  0.07389350406073569  0.07712139896415063
  0.08036693639648759  0.08371667394325699  0.08706798113794970  0.09039275100063597
  0.09367352327415931  0.09696649299782323  0.10028144027894692  0.10355477104311693
  0.10715047561261938  0.11075825741961265  0.11430573896346782  0.11784282530082721
  0.12139077795044555  0.12490792851575401  0.12847583296343820  0.13189440419123208
  0.13527708455181955  0.13864850459540506  0.14205718992235666  0.14552501212233054
  0.14903055439339283  0.15257291534193801  0.15617598665630333  0.15980408394188406
  0.16348345428363939  0.16721529851214142  0.17099912825589067  0.17488169932640824
  0.17888865710444318  0.18291345299051007  0.18686761808226332  0.19119120715084290
  0.19565803781391822  0.20014074196491483  0.20454691640803585  0.20900359398729659
  0.21363289780312314  0.21839143224971092  0.22324806531181893  0.22828213444305293
  0.23355961156213254  0.23900469125897078  0.24447067281243989  0.24982957869201938
  0.25491829120615078  0.26013781938165426  0.26551934247093195  0.27120015896654698
  0.27688847352099649  0.28260631524089547  0.28860399278189020  0.29538653958013927
  0.30286419071051635  0.31025493382450015  0.31798516483531170  0.32644623652935156
  0.33529701695612352  0.34464637725927422  0.35444079139804130  0.36479033508945685
  0.37587739744274296  0.38754141277194332  0.39967791358459687  0.41341002551825817
  0.42901052900597775  0.44700053091304742  0.46709969245091315  0.49067602325100806
  0.51842572966787781  0.55209213325871065  0.60625001392107114  0.67560406266698736
  0.74558482497540546  0.79590019856456562  0.85692780405378699  1.00000000000000000
 -0.01657741505313395  0.11151581692359017  0.14773097035588928  0.16895974570622976
  0.18615773474373232  0.20062519967940212  0.21329145374975000  0.22523414980651654
  0.23624977488337029  0.24716012456924619  0.25695902417699862  0.26624587928098659
  0.27484191858985935  0.28307846257527808  0.29131527887196851  0.29916714309885412
  0.30675790150886217  0.31425931792694023  0.32184263346566355  0.32923687499484589
  0.33639363792246463  0.34331732402008464  0.35028394777355853  0.35747729841023307
  0.36466001218580213  0.37156272069243779  0.37802079136065553  0.38390331090836605
  0.39001841524823999  0.39615217300362893  0.40236389145045331  0.40834928631039286
  0.41421992527859147  0.41993561198235346  0.42553103124031016  0.43115066339031966
  0.43680416969575536  0.44241689497093495  0.44795823403697344  0.45342598285035779
  0.45886451604270018  0.46444439149087585  0.47000611729776631  0.47570942502214220
  0.48092679722504728  0.48602790266015777  0.49104440435082680  0.49623210988210836
  0.50157662752534171  0.50684881856943298  0.51201186737555215  0.51728906629144467
  0.52281724027932219  0.52837511163573936  0.53367501236167625  0.53871985420341495
  0.54371804569229731  0.54879648509395440  0.55395518935834853  0.55919893772973306
  0.56467239973359706  0.57061750656484489  0.57692383866606622  0.58361863894219002
  0.59031412841688613  0.59686146857325262  0.60313125601914275  0.60932900836109993
  0.61557587286792492  0.62193809084816054  0.62825795117303462  0.63446488536240975
  0.64071343960052107  0.64701524187060144  0.65347963663906439  0.66043535438543155
  0.66753480741701210  0.67442417234990359  0.68111589994356381  0.68791829308106633
  0.69485206321802562  0.70217071791690466  0.71023017687731826  0.71915738531712103
  0.72778438226294040  0.73648475526584567  0.74564506079976689  0.75597156187980452
  0.76782369036838494  0.77965197636727512  0.79275117640016191  0.80827328483943472
  0.82750410780386452  0.85206745681221474  0.89177844090664526  1.00000000000000000
   7.7654111641300005E-010   1.2849668571400001E-005
  <DiscreteSampler_grid>
  Helicity
  1 # 1 for a reference and 2 for a running grid.
  80 # Attribute 'min_bin_probing_points' of the grid.
  1 # Attribute 'grid_mode' of the grid. 1=='default',2=='initialization'
  0.0300000000000000 # Attribute 'small_contrib_threshold' of the grid.
  0.3330000000000000 # Attribute 'damping_power' of the grid.
 # binID   n_entries weight   weight_sqr   abs_weight
    1   4401   3.476821015088179E-009   1.809193970627993E-016   3.476821015088179E-009
    2   112   2.155202210946876E-011   1.812170758981970E-020   2.155202210946876E-011
    3   104   1.231684435986090E-011   2.387039910621773E-021   1.231684435986090E-011
    4   4205   3.413579388486930E-009   1.724840234891473E-016   3.413579388486930E-009
  </DiscreteSampler_grid>
  <DiscreteSampler_grid>
  grouped_processes
  1 # 1 for a reference and 2 for a running grid.
  10 # Attribute 'min_bin_probing_points' of the grid.
  1 # Attribute 'grid_mode' of the grid. 1=='default',2=='initialization'
  0.0300000000000000 # Attribute 'small_contrib_threshold' of the grid.
  0.3330000000000000 # Attribute 'damping_power' of the grid.
 # binID   n_entries weight   weight_sqr   abs_weight
    16   10   1.902880872530000E+001   8.846034343650001E+002   1.902880872530000E+001
    22   10   1.902880872530000E+001   8.846034343650001E+002   1.902880872530000E+001
    10   10   1.902880872530000E+001   8.846034343650001E+002   1.902880872530000E+001
  </DiscreteSampler_grid>
