+0.0009920174459310 +0.0058895047577747 +0.0094356054967287 +0.0131355286407513 
+0.0172150387884656 +0.0216846430286878 +0.0269627990597930 +0.0322924232905688 
+0.0378146165485704 +0.0436920225918597 +0.0500003367713010 +0.0568024516675073 
+0.0636958078910757 +0.0706363824955561 +0.0775631811680352 +0.0844925648995653 
+0.0915707351754602 +0.0989779732976463 +0.1066591608443570 +0.1144029475214182 
+0.1221931511061980 +0.1298904766383276 +0.1377742627110319 +0.1456234501708346 
+0.1533812752076567 +0.1611788463510398 +0.1691461430823214 +0.1773020767214603 
+0.1858990951173169 +0.1945212566233375 +0.2030680154227282 +0.2118387241334069 
+0.2209581979899775 +0.2303354244304788 +0.2398712991846873 +0.2493279336764841 
+0.2587109381587173 +0.2681360324158585 +0.2775367643928205 +0.2871066741280955 
+0.2967386685531145 +0.3062908771627393 +0.3160027311129586 +0.3260578229980700 
+0.3363406387700016 +0.3466232439619609 +0.3567594194601795 +0.3669785414737682 
+0.3770523906226943 +0.3871582733031436 +0.3973182671514316 +0.4078340589090055 
+0.4185014437014370 +0.4292400966048605 +0.4401548600847333 +0.4512331000049633 
+0.4624129732862741 +0.4733537312192547 +0.4843776037414946 +0.4957654291905891 
+0.5075704055079174 +0.5196566968008919 +0.5318376342178078 +0.5440901103012038 
+0.5563352520833860 +0.5686065350189833 +0.5805882756132753 +0.5929320206232046 
+0.6058786462520729 +0.6195765970917708 +0.6334622146906144 +0.6472296002721778 
+0.6608866060583067 +0.6747396939493471 +0.6886187176330809 +0.7024727981768699 
+0.7166441441759883 +0.7313084251434581 +0.7462808984247621 +0.7621204175589547 
+0.7785130982085221 +0.7952609711516393 +0.8123729994299987 +0.8305337312726346 
+0.8500247744532261 +0.8717225104762508 +0.8947665089711381 +0.9174709823966580 
+0.9394875739407066 +0.9565087885533793 +0.9689442616834650 +0.9782199172325243 
+0.9852210483645544 +0.9907419988124746 +0.9955496802534942 +1.0000000000000000 
-0.0020488344927273 +0.0090341936636213 +0.0183646448795335 +0.0281893472955359 
+0.0382079077097671 +0.0487864845420908 +0.0598252790799456 +0.0707867142058880 
+0.0811428641717016 +0.0916477432050737 +0.1021981873963318 +0.1126922217016092 
+0.1231430353848415 +0.1335205699781593 +0.1437232445830485 +0.1542469494555309 
+0.1641237987782163 +0.1747296698939160 +0.1851455310313835 +0.1967820641514838 
+0.2080072549581826 +0.2191897599400567 +0.2301464218801230 +0.2410320573284744 
+0.2522418975832549 +0.2635875987181515 +0.2750918768605145 +0.2861470906342930 
+0.2968124113204265 +0.3069999900189243 +0.3169368743249426 +0.3271990378660039 
+0.3373231506338057 +0.3472201015004805 +0.3572407893010328 +0.3677274515510299 
+0.3786367645297874 +0.3891419964518420 +0.3998081722522970 +0.4102944890703933 
+0.4206400240671556 +0.4311277269869974 +0.4423075957526858 +0.4536846085052110 
+0.4650202762559187 +0.4759954709496612 +0.4860290958330195 +0.4960073505262739 
+0.5061324143349210 +0.5164690290052669 +0.5266635846261476 +0.5366939454504649 
+0.5470995927021105 +0.5578110387951473 +0.5679252469901519 +0.5778163726222343 
+0.5879837971196447 +0.5989710807920009 +0.6100788596347754 +0.6211022120235009 
+0.6319472150191935 +0.6428960040651579 +0.6541224490920131 +0.6654952442646449 
+0.6765204434938481 +0.6873756035280078 +0.6983618433144658 +0.7092343609082954 
+0.7195924643569277 +0.7298085559549170 +0.7399482286753680 +0.7502083111598850 
+0.7604246238729107 +0.7708457060973412 +0.7810738858972314 +0.7909188913898227 
+0.8004294105017429 +0.8106057710247636 +0.8211103684836770 +0.8314719176462876 
+0.8418090698860742 +0.8523385978643457 +0.8625570706090371 +0.8726423564343658 
+0.8827153715381114 +0.8927371575752470 +0.9027785782565961 +0.9124988232285455 
+0.9227238736948015 +0.9332443784210442 +0.9441819497215900 +0.9554759560648017 
+0.9667402960120713 +0.9778211596501535 +0.9888499230902035 +1.0000000000000000 
-0.0022083688008776 +0.0094771830965690 +0.0182778245853160 +0.0278069650035408 
+0.0372912753539011 +0.0472453298040761 +0.0577483538633418 +0.0684126592712235 
+0.0795302993326335 +0.0905762337100117 +0.1016264863780506 +0.1126348317751555 
+0.1237887595099342 +0.1352997470781759 +0.1468021917767461 +0.1575812276256019 
+0.1683175092489597 +0.1789808147313890 +0.1894380628924661 +0.1994304252732380 
+0.2088472355745104 +0.2190923957557535 +0.2294514777197048 +0.2403630310402292 
+0.2506341593564794 +0.2606922218361523 +0.2706400415901142 +0.2807278581793281 
+0.2908813239667665 +0.3010837731923618 +0.3116530107835868 +0.3221073724123841 
+0.3325201256413809 +0.3428338329098061 +0.3534471639196408 +0.3639750172987641 
+0.3744446459469598 +0.3855797854077044 +0.3964455876212610 +0.4071495989387383 
+0.4176175525909113 +0.4288507368154840 +0.4398203868866811 +0.4509755460860529 
+0.4617190036802186 +0.4726747142548426 +0.4833278050033313 +0.4943701625891895 
+0.5058843578100307 +0.5175850930839705 +0.5286120092454418 +0.5395524945018065 
+0.5503610394401771 +0.5608101862869118 +0.5706305814460785 +0.5795865938809610 
+0.5891056004237053 +0.5990791257928939 +0.6090286395319524 +0.6190917131011821 
+0.6295294388427936 +0.6400231502219750 +0.6502834362934212 +0.6606016850373279 
+0.6713010625691554 +0.6822213945546637 +0.6929645553213973 +0.7031740422814802 
+0.7131307838406274 +0.7227919565147267 +0.7326119731188337 +0.7429239049555690 
+0.7536612493763633 +0.7647653894950402 +0.7753681501490525 +0.7855586189856050 
+0.7957915762553487 +0.8059946934954484 +0.8163332856143535 +0.8261753215094495 
+0.8362575561921080 +0.8468337319927273 +0.8577766373122767 +0.8689658867153449 
+0.8797813862608920 +0.8906401276820539 +0.9015095190124979 +0.9126330625079182 
+0.9237988810788931 +0.9345480333873488 +0.9450154908054810 +0.9553276261057193 
+0.9661247601591614 +0.9775379845798735 +0.9888992745145776 +1.0000000000000000 
-0.0024118811027871 +0.0098205158626446 +0.0198934548097162 +0.0305424172491250 
+0.0414152293285723 +0.0522127083846696 +0.0629913013451983 +0.0738341463068245 
+0.0847826075385813 +0.0955832461921734 +0.1062200570231313 +0.1169820285732543 
+0.1277412224934478 +0.1384813889697466 +0.1490616098868990 +0.1595541295220461 
+0.1698906072481174 +0.1803570017208006 +0.1911762004929488 +0.2023384742381111 
+0.2133591466424474 +0.2240444647602280 +0.2343386560040022 +0.2446158270808731 
+0.2547626550337676 +0.2647478305068693 +0.2748885964822725 +0.2851494362546665 
+0.2957268655984457 +0.3062013508507738 +0.3164814797813643 +0.3267821829375889 
+0.3372918341537424 +0.3477572968253655 +0.3578619074055169 +0.3678032562413033 
+0.3777065933843425 +0.3882258409983777 +0.3988719983975123 +0.4098620151718488 
+0.4206465060957491 +0.4313131581660699 +0.4422535098538639 +0.4534021692690765 
+0.4641840826573937 +0.4740335375987594 +0.4837292937180194 +0.4935083649438780 
+0.5034432352184987 +0.5140589709861236 +0.5254199704715948 +0.5377302168078228 
+0.5498611588159351 +0.5618047767266112 +0.5728643752800953 +0.5837413959437453 
+0.5940557651849224 +0.6047386580008340 +0.6152369290787219 +0.6260296143752102 
+0.6372443213162555 +0.6481276148893041 +0.6582022244062333 +0.6682218280403101 
+0.6781108724025868 +0.6889890298425726 +0.6999855748259720 +0.7107468468886071 
+0.7215983908811856 +0.7323316089992807 +0.7429290856223276 +0.7537026748468415 
+0.7649209121305425 +0.7765305729246686 +0.7886236141116609 +0.8001580225489978 
+0.8119652791610761 +0.8228886147240119 +0.8333610460744675 +0.8429271039204660 
+0.8526470878767670 +0.8626333421778548 +0.8726050020709979 +0.8822794159518947 
+0.8916729757656606 +0.9013412075156313 +0.9113855348397966 +0.9215708601416831 
+0.9316316155738286 +0.9417633777876958 +0.9520690123656446 +0.9624192358507495 
+0.9727005539331474 +0.9823286311483840 +0.9913323504239602 +1.0000000000000000 
-0.0025783375498105 +0.0099549402981021 +0.0197835309008528 +0.0292490852773894 
+0.0390343232991548 +0.0493906984658077 +0.0605923353155683 +0.0711215971446639 
+0.0810332968230603 +0.0909137435312038 +0.1015439688217625 +0.1125956527592093 
+0.1235506049882984 +0.1338185574327418 +0.1442133042926615 +0.1547238102503708 
+0.1655512421648267 +0.1762514621481734 +0.1870060779502878 +0.1979050957231732 
+0.2084141923705818 +0.2182422025152955 +0.2281038274746274 +0.2378758611615805 
+0.2483947913096279 +0.2589188134767650 +0.2698805026880322 +0.2808931616852536 
+0.2918153041588302 +0.3027517045318210 +0.3135346826299138 +0.3241669120358535 
+0.3346867439567255 +0.3455081295810500 +0.3565583338893407 +0.3677952725013021 
+0.3788842491724469 +0.3899014125460810 +0.4006596631378047 +0.4116388602445284 
+0.4225538232759949 +0.4329143292526581 +0.4428826371190571 +0.4527459646978327 
+0.4624924470223208 +0.4720761592618094 +0.4820348921198782 +0.4924981432231045 
+0.5033475145260456 +0.5138237866319667 +0.5241691214483172 +0.5350101255091119 
+0.5458825167183603 +0.5566532908272332 +0.5673800504721964 +0.5778731314932851 
+0.5884075894575694 +0.5992639716773396 +0.6103644058166366 +0.6215848387648094 
+0.6327539207393310 +0.6438159634110410 +0.6547857514067094 +0.6657257249796839 
+0.6767511840757782 +0.6874091140240455 +0.6980222977055739 +0.7088238225785041 
+0.7200611768712878 +0.7311039740941320 +0.7419762786501970 +0.7529318971045112 
+0.7638684462857799 +0.7745385519110366 +0.7848119666674159 +0.7949001422706472 
+0.8047374057074388 +0.8145367890755701 +0.8247390759522383 +0.8353906787148393 
+0.8462971532664725 +0.8570160061664575 +0.8673957191192163 +0.8777991481552132 
+0.8883026801882479 +0.8989797065612385 +0.9098175519300069 +0.9204636299933798 
+0.9309044999155831 +0.9411833027296717 +0.9511455717892733 +0.9608509367689264 
+0.9704401310443019 +0.9796988885018610 +0.9899715037727050 +1.0000000000000000 
-0.0014015083229423 +0.0088223508486595 +0.0176678399693044 +0.0321221621141311 
+0.0487381093103427 +0.0653055890491170 +0.0807051169942147 +0.0937197248119497 
+0.1053486308518014 +0.1162214581836608 +0.1254929327280408 +0.1334474009402015 
+0.1407304933607735 +0.1479345851339310 +0.1553198332460286 +0.1627582642258105 
+0.1700054948440455 +0.1770250617909974 +0.1841101566608523 +0.1906916350806517 
+0.1967349177295570 +0.2026382424086453 +0.2085611659084040 +0.2143073568081120 
+0.2197900639656605 +0.2251815466148871 +0.2304810929611122 +0.2358997288091285 
+0.2416582049881531 +0.2471682950246388 +0.2526370899512353 +0.2580308155876782 
+0.2636202989890928 +0.2694356233976592 +0.2753041435766436 +0.2811902810228500 
+0.2870391908435240 +0.2926888388156814 +0.2981794025663396 +0.3035927332493450 
+0.3090756792011423 +0.3146854549984066 +0.3205794475467733 +0.3265910234111168 
+0.3328808236354814 +0.3393803907395261 +0.3459796692175426 +0.3526544569255444 
+0.3594260924565577 +0.3662222781677031 +0.3729036992128230 +0.3794310067058426 
+0.3857846873334841 +0.3922494650706987 +0.3988570884006165 +0.4055639294422025 
+0.4123637485111515 +0.4190493489379009 +0.4257833684174945 +0.4325463572448356 
+0.4393571973440635 +0.4463113169849272 +0.4534973610787147 +0.4608713955938634 
+0.4682739259358057 +0.4756168458204825 +0.4831178676608087 +0.4908510871189804 
+0.4987396245065241 +0.5070802102089951 +0.5156945377145977 +0.5246124022497342 
+0.5338555654229182 +0.5431795689099084 +0.5526404604582406 +0.5621783108422653 
+0.5718594354065829 +0.5818464965247213 +0.5921762645629864 +0.6029090419387118 
+0.6143392643840649 +0.6265340868256785 +0.6397162234066684 +0.6534286483785837 
+0.6676226940057852 +0.6820542012623705 +0.6971831674301797 +0.7132277568223045 
+0.7309564496633975 +0.7508063289793184 +0.7715374213053087 +0.7938101199186661 
+0.8178998321355380 +0.8483900110397185 +0.8929254055574714 +1.0000000000000000 
-0.0187233915055066 +0.1141573251668205 +0.1528947335015190 +0.1766895682112174 
+0.1954280358592914 +0.2108933145426715 +0.2237745774814623 +0.2349329757245208 
+0.2452454611793467 +0.2551743488235292 +0.2648481697807330 +0.2735715003543183 
+0.2817500498709983 +0.2895817879247224 +0.2973545804734868 +0.3049673412290755 
+0.3121624972883525 +0.3190808420066018 +0.3259596366704791 +0.3327677898974645 
+0.3393915751033869 +0.3458455509712451 +0.3521743848246549 +0.3583980290303787 
+0.3643880630525902 +0.3703353337860383 +0.3761756850983484 +0.3820686505610256 
+0.3881080590140016 +0.3941524072550118 +0.4002818619643638 +0.4062217665575884 
+0.4121078771768453 +0.4180884697590176 +0.4240267998675250 +0.4297278160503701 
+0.4352233036254370 +0.4406147968408042 +0.4459791217530291 +0.4517746065666132 
+0.4574267420633288 +0.4629357191222692 +0.4683826569053447 +0.4738253112814806 
+0.4792434499134515 +0.4846191241736049 +0.4899971098316779 +0.4954429080369678 
+0.5008677324955642 +0.5060558301325395 +0.5110677126012270 +0.5161659233545234 
+0.5214241778307118 +0.5268535473210982 +0.5323175915991395 +0.5376415951385670 
+0.5430830793430466 +0.5484076717428321 +0.5540752690703691 +0.5596797545157205 
+0.5655518020582413 +0.5715128840197128 +0.5775031869573337 +0.5835851928729244 
+0.5896544803585568 +0.5955993129827567 +0.6015117714991511 +0.6073045686304737 
+0.6134579637312312 +0.6197808141484613 +0.6263947324141793 +0.6331107920963129 
+0.6399980616312442 +0.6469845487512511 +0.6540003795896969 +0.6608871865203306 
+0.6677266574996881 +0.6745223245508356 +0.6813079326189614 +0.6881084685310384 
+0.6950334811672231 +0.7024043379199441 +0.7104339618050584 +0.7191845661039117 
+0.7282918897534419 +0.7382307189659646 +0.7485672550852221 +0.7593208957513238 
+0.7705379996120781 +0.7829892254519479 +0.7969957442843127 +0.8130071562493044 
+0.8322262954590602 +0.8559799839803419 +0.8864610770040106 +1.0000000000000000 
3.11966802962e-09 0.00013573125 
  <DiscreteSampler_grid>
  Helicity
  1 # grid_type. 1=='ref', 2=='run'
  80 # Attribute 'min_bin_probing_points' of the grid.
  1 # Attribute 'grid_mode' of the grid. 1=='default',2=='initialization'
  0.030 # Attribute 'small_contrib_threshold' of the grid.
  0.333 # Attribute 'damping_power' of the grid.
#  binID   n_entries weight   weight_sqr   abs_weight
    4   7048 2.06334904015e-08 2.8521582554e-15 2.06334904015e-08
    1   6661 2.01342038391e-08 3.03848612058e-15 2.01342038391e-08
    2   165 3.25842126918e-10 1.29104537368e-17 3.25842126918e-10
    3   145 1.69494882987e-10 5.59316217759e-18 1.69494882987e-10
  </DiscreteSampler_grid>
  <DiscreteSampler_grid>
  grouped_processes
  1 # grid_type. 1=='ref', 2=='run'
  10 # Attribute 'min_bin_probing_points' of the grid.
  1 # Attribute 'grid_mode' of the grid. 1=='default',2=='initialization'
  0.030 # Attribute 'small_contrib_threshold' of the grid.
  0.333 # Attribute 'damping_power' of the grid.
#  binID   n_entries weight   weight_sqr   abs_weight
    16   10 0.643357824893 0.973228872564 0.643357824893
    22   10 0.643357824893 0.973228872564 0.643357824893
    10   10 0.643357824893 0.973228872564 0.643357824893
  </DiscreteSampler_grid>
