  0.00144277975789432  0.00529732357687670  0.00843634501314520  0.01155823523373617
  0.01485843428488949  0.01836576939893697  0.02212571650927684  0.02641495745489504
  0.03093639249572722  0.03565457569245677  0.04069255628339609  0.04612235403746871
  0.05195154464758901  0.05809783295319038  0.06419853524664151  0.07017220411480628
  0.07638706149799328  0.08272864509159567  0.08942910118211327  0.09658725247051328
  0.10413693712988566  0.11165536558755777  0.11909563757473243  0.12639322446491363
  0.13379807876241848  0.14142343050662523  0.14914391112591238  0.15694847771829284
  0.16483637051822839  0.17287330984811417  0.18116442355602136  0.18962049594989755
  0.19792956018387978  0.20624402714129206  0.21484235489394393  0.22381749783009414
  0.23310445056463622  0.24245183525301342  0.25190188317329715  0.26144255427883167
  0.27106538569950800  0.28079199931952492  0.29082788557528760  0.30096917615108360
  0.31091520558754715  0.32091776070948647  0.33122032082736308  0.34178568483585048
  0.35234420285173945  0.36283238247689653  0.37323178115043265  0.38367158237017324
  0.39428511434227470  0.40540958293037804  0.41674819237190197  0.42807352347604322
  0.43913068875723638  0.45028120234364977  0.46163473170308744  0.47298503685118137
  0.48436859345624828  0.49582929207926124  0.50765422827859463  0.51964907346671652
  0.53216684225901556  0.54496596170792133  0.55818599005742042  0.57127524527642159
  0.58405620325289809  0.59711519310679695  0.61075374062481991  0.62493989057615340
  0.63920858647531353  0.65342580448340437  0.66794797835527842  0.68294878316484164
  0.69814661920596488  0.71345605406999002  0.72923059648937716  0.74533844521456649
  0.76265517971331542  0.78064440342302277  0.79955026525500483  0.81891495185661267
  0.83960771950437152  0.86267273898149599  0.88868538203573688  0.91547144453429807
  0.94049854450815129  0.95845282849894020  0.97075077913386343  0.97970782937857837
  0.98640238801666047  0.99143032730517155  0.99596063462923778  1.00000000000000000
 -0.00122666141931608  0.00988750596622731  0.01985401545757489  0.02982101931296188
  0.04028437869736218  0.05160063200513297  0.06358526993985669  0.07511624222620202
  0.08587460211592739  0.09626200859408855  0.10664071183367327  0.11718135842901864
  0.12791747556299232  0.13830832370721777  0.14865787181617487  0.15879913782986316
  0.16896183476861465  0.17931102781206792  0.18993126903524576  0.20123706060641194
  0.21247373457604285  0.22373725152860124  0.23472727644511140  0.24596411819475958
  0.25757205410399064  0.26904990424671521  0.28010848366082364  0.29068101224469511
  0.30100860634201348  0.31110909792801383  0.32151029741672038  0.33241391039439877
  0.34330868458416269  0.35405222591755919  0.36448361908307303  0.37497203639283466
  0.38525276519273205  0.39600976424045903  0.40686537576524523  0.41726970764812427
  0.42736200413077341  0.43769385051875492  0.44849011213654399  0.45955240077999798
  0.47075620398210466  0.48143007676788874  0.49163256472045785  0.50208257800955092
  0.51288871771560995  0.52367649197378141  0.53420093063624674  0.54458044818028961
  0.55492820328386738  0.56474321350049672  0.57457331138668477  0.58451442711127144
  0.59491406736338193  0.60528458875068236  0.61552487766794084  0.62575091905722080
  0.63600070611641202  0.64653078933868069  0.65733493551306055  0.66794582774529787
  0.67811440399625367  0.68803423783973006  0.69809110470079683  0.70840976244030041
  0.71843255203862999  0.72861455471661185  0.73869270575977619  0.74870415459975981
  0.75869463398929338  0.76904177382523697  0.77968770919347574  0.79007436853632296
  0.80004126612737891  0.81021155800628275  0.82059847486260884  0.83062855382275103
  0.84075401461962496  0.85075111316431351  0.86060401044563450  0.87049172939263908
  0.88072888290993989  0.89096639065404704  0.90104080256233043  0.91086735265066077
  0.92131206055257064  0.93234464803144113  0.94353381324265817  0.95460708898083702
  0.96572507481470371  0.97688554647721915  0.98843137471328657  1.00000000000000000
 -0.00134100642976306  0.00960601895893171  0.01854742760029897  0.02830553537168162
  0.03740964023601825  0.04686043202407623  0.05669314916761138  0.06637367387510179
  0.07655699920008772  0.08667400741940483  0.09724005712735354  0.10773090558794503
  0.11809474437710125  0.12866341694508424  0.13938913880332623  0.15004458750336980
  0.16033084639398484  0.17092896556339843  0.18196719624249533  0.19307521308004674
  0.20357074113581961  0.21377564947111347  0.22441289681680610  0.23546737252094782
  0.24640601040559293  0.25669498950314973  0.26667146654174828  0.27668307269907205
  0.28676834947332080  0.29680783123888371  0.30667725022949899  0.31644458133802217
  0.32634722662850962  0.33649056318858384  0.34691390476956241  0.35747221510020094
  0.36790700776110563  0.37885050736637493  0.39005654677021395  0.40112601434620399
  0.41198037735618787  0.42308857682744383  0.43449097818444826  0.44568400945794834
  0.45652695883399191  0.46714933493306110  0.47784543555883696  0.48877223850980489
  0.49998569203630472  0.51114552017917458  0.52200174178769576  0.53270693079202935
  0.54361733417462732  0.55423122574623518  0.56438937517743504  0.57384911480939083
  0.58325588079992763  0.59308579363701686  0.60308448595741748  0.61311686430326306
  0.62334764287855038  0.63409186644372673  0.64478568626011423  0.65542367938172075
  0.66623510499964667  0.67738917841770119  0.68850316562975067  0.69919679659166922
  0.70961369924525142  0.71976588657279916  0.72979058924160167  0.73993993009934034
  0.75032538487016831  0.76120969955645479  0.77221861810860914  0.78320933881300070
  0.79397398653057127  0.80436267937392414  0.81467331933246079  0.82458140748100861
  0.83496731626240128  0.84568637356173171  0.85670693192418690  0.86768408000012365
  0.87856462048479478  0.88944910625486795  0.90023595814104562  0.91117014955484554
  0.92245374733163399  0.93352020544297809  0.94427881119012047  0.95432639269742947
  0.96500022812325970  0.97643804815537916  0.98841450609378345  1.00000000000000000
 -0.00224533591570103  0.00927284765461025  0.01918913674434646  0.02981228308599088
  0.04111982019731333  0.05226248165301330  0.06346666501456105  0.07444970849792147
  0.08544353223886909  0.09604742008398580  0.10645153942414273  0.11642912767759729
  0.12632981191013262  0.13639219722025867  0.14674412041772530  0.15718381718184857
  0.16728633500224172  0.17743597999260488  0.18749702210350955  0.19755713989988974
  0.20777349147319721  0.21835985097422761  0.22928839233091983  0.23983366178913332
  0.25006052323089545  0.26026406915367789  0.27072650718005992  0.28112448908036541
  0.29126421950523701  0.30142090177499481  0.31162161830158386  0.32217056641689612
  0.33315870992052110  0.34394202610343122  0.35396950184375653  0.36361787088550912
  0.37323871696187050  0.38334387951950932  0.39379734181731274  0.40457246913573391
  0.41553275147673219  0.42599495577644270  0.43619817636596120  0.44670535696212577
  0.45753259165124127  0.46806407504910297  0.47814739052397898  0.48829020287850128
  0.49861338477319705  0.50925254983098889  0.52064920512994617  0.53276887093126357
  0.54450886936377396  0.55583535858264643  0.56690570580072974  0.57793293623199193
  0.58888699079152174  0.59949208314921676  0.60998280316799314  0.62046209071553704
  0.63140235999155581  0.64219589363520102  0.65219454265785926  0.66186082641180710
  0.67186212955420188  0.68272524514979949  0.69420504063940669  0.70555372878380085
  0.71666311018979700  0.72742693295097138  0.73791545827794802  0.74855943676247350
  0.75955945904982325  0.77077133012808785  0.78207937922791237  0.79327821217964001
  0.80450930046701419  0.81596054265333329  0.82719267660503837  0.83805845325820127
  0.84831791863663908  0.85862739530757659  0.86881131624574404  0.87887559224025735
  0.88871823197985422  0.89874218330136224  0.90922659831980845  0.91979686754209478
  0.93044729293009598  0.94092107791114810  0.95138501723566005  0.96177228790134450
  0.97192125640087690  0.98167462408289619  0.99086263455873003  1.00000000000000000
 -0.00239377603137695  0.01016588415523450  0.02029084356701595  0.03017439486624408
  0.04062036715294938  0.05201080719749097  0.06388589939861805  0.07482184615762769
  0.08519310881873718  0.09581305720109874  0.10668521368996794  0.11750824287200036
  0.12816607181589498  0.13888438601798475  0.14986342317689405  0.16087566432819048
  0.17196125139069407  0.18251727324976411  0.19274632086259333  0.20280267993801435
  0.21281954639633427  0.22321998337275920  0.23377323062329947  0.24448681965688379
  0.25534606147605526  0.26657952157687181  0.27840430257329374  0.28926055133139161
  0.29954337073120935  0.30943068470733792  0.31956854913836585  0.32994443957833697
  0.34036002088812412  0.35079762895314176  0.36125606703461000  0.37178980870997064
  0.38235827176705550  0.39284345997638809  0.40300226304310899  0.41342246511951208
  0.42395875882963008  0.43438577914816529  0.44473612196205681  0.45488028222457128
  0.46487419596748675  0.47471914034883678  0.48504483005028648  0.49562063234804288
  0.50574267995053768  0.51562618291022355  0.52534264062379865  0.53610839573757496
  0.54679354190984286  0.55755930039172130  0.56820751828761784  0.57854019363929832
  0.58903974339082121  0.60011936878546024  0.61127320562068310  0.62244498101431689
  0.63378030986152345  0.64538363931459175  0.65697202369465235  0.66812800413769735
  0.67919141598551569  0.68977752709709672  0.70021824362882623  0.71076494576088378
  0.72186110914591017  0.73298706576631967  0.74366067319652496  0.75384814189899718
  0.76388380237272235  0.77395237801921868  0.78434894557340407  0.79459592323840567
  0.80479249771200567  0.81486318147735437  0.82537400068073885  0.83561366288938210
  0.84589879582396887  0.85572620684439160  0.86550096758477257  0.87521360890229638
  0.88552847665496892  0.89627896900047066  0.90765654958427389  0.91874510179818725
  0.92948258349566837  0.94014921726629386  0.95046973241352262  0.96055025470492061
  0.97008883705941584  0.97942227258800252  0.98973878519899516  1.00000000000000000
 -0.00056869047524317  0.00961068674484384  0.02094912949942997  0.03985463246133348
  0.05906204027394363  0.07632896299914149  0.09080553988946147  0.10307998636717108
  0.11436365385724666  0.12377550316923368  0.13190697400684342  0.13936181195478184
  0.14672106382166947  0.15389609547846170  0.16087685914170793  0.16735459629032273
  0.17349689132404819  0.17952089783787817  0.18556133107605530  0.19164155623624005
  0.19756347137319172  0.20297635369958955  0.20816295428671672  0.21311100502187436
  0.21802363867890256  0.22302819811768729  0.22796646848374769  0.23291201514663828
  0.23807502126481095  0.24337125038030710  0.24864490266638556  0.25403176934001731
  0.25951005998914173  0.26520630165177261  0.27087089416832472  0.27637022548493856
  0.28169823945120476  0.28690677383566676  0.29194080387454474  0.29694697061352493
  0.30199319109588796  0.30720746145959926  0.31259715650080877  0.31822114092348858
  0.32398393180022039  0.32996498195099655  0.33612207942697764  0.34222589756657668
  0.34829246017638954  0.35447017944073211  0.36082843353052696  0.36733690304229299
  0.37366965051448758  0.38003046281953734  0.38611547012781833  0.39234376394771614
  0.39843571999511745  0.40476416931333092  0.41122975665630734  0.41770501809092125
  0.42420115977076545  0.43079382888996509  0.43755831640133691  0.44446640460918319
  0.45157993052648354  0.45897018621039182  0.46654194178570985  0.47408095761178837
  0.48156072382826953  0.48909485359916899  0.49679124522349183  0.50491177185855740
  0.51317674012122438  0.52152556038736253  0.53019784087010302  0.53934252126372162
  0.54890378013210561  0.55869296265868995  0.56841491797243304  0.57836820575297021
  0.58871710582492498  0.59966853764029227  0.61120194738314215  0.62340097810021433
  0.63649253465826128  0.65049162213962908  0.66536166969737509  0.68091714167356965
  0.69779010393079977  0.71623112602688532  0.73758395915709540  0.76132201880344941
  0.78767223241984141  0.81796650890868916  0.86705310876415198  1.00000000000000000
 -0.02413212132960686  0.12809653211615341  0.16645323533024692  0.18935302295710180
  0.20659186740089888  0.22052941785715655  0.23250965946635513  0.24385317813166557
  0.25468254619796216  0.26505332646410618  0.27407199685246991  0.28216608811560834
  0.28972071399923560  0.29735426817727517  0.30495303667504309  0.31227229823341063
  0.31915373731820462  0.32601071094973583  0.33278814850788413  0.33946610712199998
  0.34595687629400551  0.35238251092939876  0.35863699408794980  0.36462558801959855
  0.37055556237769888  0.37616760999038945  0.38189372052052417  0.38754771095575274
  0.39341987347821827  0.39940668576100175  0.40508702102725669  0.41060616310164721
  0.41615512260237153  0.42158421699701193  0.42679178370058307  0.43182891489416486
  0.43692076888684300  0.44227223537699206  0.44764777728542704  0.45299460423025389
  0.45808188646473713  0.46298803710554670  0.46784712188991762  0.47262658518371065
  0.47745678099492594  0.48236625386976484  0.48724641157843251  0.49211640098210052
  0.49705498258162051  0.50210385228722276  0.50740546422457478  0.51264743457209294
  0.51795868212099605  0.52325317716672559  0.52860401650551037  0.53395468488703057
  0.53925760487073293  0.54446157837187137  0.54951800761250402  0.55474705983995287
  0.55988474595230409  0.56535859828029600  0.57082699077780452  0.57666747093907245
  0.58267925688185696  0.58893581077998414  0.59495361552542458  0.60079837435026506
  0.60647977070970938  0.61227414258538171  0.61823272773297711  0.62444297788342218
  0.63089485914387444  0.63761878559272422  0.64441600564255508  0.65128214815801710
  0.65820530057185656  0.66526054140036706  0.67234804803927550  0.67935347835684756
  0.68656897351825219  0.69397081620426471  0.70189740913492682  0.71016913797518733
  0.71923174855087524  0.72833081826868518  0.73810545783023196  0.74819023456778999
  0.75915052078906009  0.77074305079568350  0.78364244156484653  0.79830355588711743
  0.81542446802660884  0.83803756702733700  0.87109321100628456  1.00000000000000000
   3.1196680296199998E-009   1.3573125000000000E-004
  <DiscreteSampler_grid>
  Helicity
  1 # 1 for a reference and 2 for a running grid.
  80 # Attribute 'min_bin_probing_points' of the grid.
  1 # Attribute 'grid_mode' of the grid. 1=='default',2=='initialization'
  0.0300000000000000 # Attribute 'small_contrib_threshold' of the grid.
  0.3330000000000000 # Attribute 'damping_power' of the grid.
 # binID   n_entries weight   weight_sqr   abs_weight
    1   7641   1.967210891401534E-008   2.708827142887753E-015   1.967210891401534E-008
    2   175   3.092713484397915E-010   1.217289434768361E-017   3.092713484397915E-010
    3   162   1.682291597143269E-010   5.026786523029638E-018   1.682291597143269E-010
    4   8028   2.010527072104480E-008   2.571931241168498E-015   2.010527072104480E-008
  </DiscreteSampler_grid>
  <DiscreteSampler_grid>
  grouped_processes
  1 # 1 for a reference and 2 for a running grid.
  10 # Attribute 'min_bin_probing_points' of the grid.
  1 # Attribute 'grid_mode' of the grid. 1=='default',2=='initialization'
  0.0300000000000000 # Attribute 'small_contrib_threshold' of the grid.
  0.3330000000000000 # Attribute 'damping_power' of the grid.
 # binID   n_entries weight   weight_sqr   abs_weight
    16   10   6.433578248930000E-001   9.732288725640000E-001   6.433578248930000E-001
    22   10   6.433578248930000E-001   9.732288725640000E-001   6.433578248930000E-001
    10   10   6.433578248930000E-001   9.732288725640000E-001   6.433578248930000E-001
  </DiscreteSampler_grid>
