  0.00033337686847430  0.00035111474562612  0.00036402095613824  0.00037658744939746
  0.00038875737600408  0.00040056068672216  0.00041140290533469  0.00042094787288660
  0.00043001294825420  0.00043583330009094  0.00043757422629443  0.00043931515249792
  0.00044105607870140  0.00044279700490489  0.00044453793110838  0.00044614352189670
  0.00044774171774636  0.00044933991359603  0.00045093810944569  0.00045253630529535
  0.00045410896595799  0.00045565284990019  0.00045719673384239  0.00045874061778458
  0.00046028450172678  0.00046182838566898  0.00046900432452756  0.00047605936390483
  0.00048326066220161  0.00049059354237240  0.00049802601816548  0.00050570783330819
  0.00051354535013140  0.00052121574502650  0.00052898088994682  0.00053628597641514
  0.00054443108109523  0.00055314555638621  0.00056234653880684  0.00057170104952797
  0.00058070007526688  0.00058969397421422  0.00059934895218393  0.00060970805261713
  0.00061964533129760  0.00062940915884283  0.00063930076203027  0.00064992441425620
  0.00066190428068478  0.00067475478232898  0.00068713349811350  0.00069979168764783
  0.00071283715951145  0.00072643762869862  0.00074062698651765  0.00075523601222234
  0.00076991272816235  0.00078626485802152  0.00080283311597457  0.00081965636411268
  0.00083726942046057  0.00085701632321983  0.00087944479895699  0.00090268328793531
  0.00092657331709025  0.00095369652422383  0.00098239249739411  0.00101001626917143
  0.00104572163268866  0.00109817955428448  0.00116885148127714  0.00126030060161723
  0.00135685074732581  0.00144755951092522  0.00154284452237173  0.00165331885343421
  0.00178572518943275  0.00192853915623554  0.00206967242173937  0.00220332992748887
  0.00233715707867265  0.00247843120272754  0.00266906553205211  0.00290075928975410
  0.00316141419007026  0.00353713303995539  0.00401176187419554  0.00439161359744107
  0.00482693684951387  0.00635919725991570  0.00812386553556978  0.01006790037453119
  0.01387085692035218  0.02172528949626566  0.09594921276133864  1.00000000000000000
 -0.00002288907203608  0.00045778446005205  0.00086137455185746  0.00131509869487707
  0.00192501512341796  0.00272742180381818  0.00370642091292070  0.00487277586179333
  0.00627431607724053  0.00801432912886797  0.00994347899865074  0.01216979075077089
  0.01467503565307021  0.01758029777149587  0.02062291493877375  0.02370944892592538
  0.02709775179876255  0.03096094448907920  0.03527004771858798  0.03998536156621336
  0.04502805622933058  0.05066659326377646  0.05661736575234688  0.06302529106013466
  0.06977583525907298  0.07720787376152943  0.08540708478800220  0.09358134775402445
  0.10195602487519129  0.11087990932605969  0.12046314627766726  0.13001479481332504
  0.13972986685755995  0.15028654303862282  0.16154874318230367  0.17312771106204627
  0.18466193110920423  0.19590743103108238  0.20715203809156726  0.21851687215212190
  0.22979650611418070  0.24166003782242051  0.25482074456481157  0.26901133463677396
  0.28442488518260528  0.29894792420643795  0.31365964055685891  0.32865259850266088
  0.34409101608011544  0.35943336865509606  0.37575966405155453  0.39333111718091007
  0.41012568888405132  0.42598708161769527  0.44117511675923143  0.45568722091145453
  0.47099132462285603  0.48782579632102524  0.50488975308483441  0.52401890119892491
  0.54337001876230318  0.56221257811645997  0.58174217031293862  0.60098440124741315
  0.62083154886992487  0.64092668091460658  0.66124569085413398  0.68204079876695278
  0.69777286975015029  0.70147453591803177  0.70517620208591325  0.70887786825379484
  0.71257953442167632  0.71628120058955791  0.71998286675743939  0.72430266624613382
  0.72866677382120493  0.73303088139627604  0.73739498897134714  0.74175909654641825
  0.74612320412148925  0.75048816926354345  0.75485378605621012  0.75921940284887668
  0.76358501964154335  0.76795063643421002  0.77231625322687658  0.78163979998403188
  0.80994235514115087  0.83684460898314650  0.86159426578393705  0.88594198928662515
  0.91050654487318594  0.93604391550139476  0.96571101251736635  1.00000000000000000
 -0.00219034531988435  0.01531478817851319  0.02945693138886391  0.04209715062141146
  0.05364331348407227  0.06549318440295535  0.07761583940964488  0.08974732435021252
  0.10227224003478055  0.11511251831206092  0.12794072169272447  0.14035264023654490
  0.15212353477005536  0.16362622237536278  0.17600693581722915  0.18836215247551749
  0.20085246386317668  0.21423768302932478  0.22807766680122687  0.24177346693248308
  0.25550784291294903  0.26885122034350578  0.28154791653263445  0.29405241337033849
  0.30785313359653027  0.31992395208128682  0.33115324067164886  0.34311631373580886
  0.35585149147169032  0.36817745653794071  0.37945153654902930  0.39077113247093059
  0.40201740457031276  0.41254634207032281  0.42470497639224275  0.43829056737806910
  0.45334132610056488  0.46759404590574827  0.48103447125216164  0.49438088223445648
  0.50710730611934784  0.51992610111812532  0.53296549715833030  0.54642409619955368
  0.55990133497075256  0.57227629654835954  0.58436441054083010  0.59680973433857709
  0.61013847221318496  0.62438827639314587  0.63842595199545693  0.65219013491972810
  0.66433011935916064  0.67482079780747051  0.68543634452504332  0.69765325217602780
  0.70956818455679949  0.72036977167920491  0.73101624110000551  0.74442549726940777
  0.75833878309203240  0.77115394865782305  0.78352248314219730  0.79586143427560729
  0.80908087117321625  0.82198358209568012  0.83501393144948943  0.84766687827282394
  0.85985142183902119  0.87159674020705991  0.88408537654584440  0.89703978139604446
  0.90968513137505658  0.92196087567406981  0.93436980581100271  0.94816196433407807
  0.95654311382380597  0.95821499786113307  0.95988688189846016  0.96155876593578715
  0.96323064997311425  0.96490253401044135  0.96657063768761964  0.96822948091782279
  0.96988832414802584  0.97154716737822888  0.97320601060843204  0.97486485383863508
  0.97654667770683179  0.97841707783258969  0.98028747795834759  0.98215787808410548
  0.98402827820986338  0.98589867833562128  0.98776907846137918  1.00000000000000000
 -0.00228098328613836  0.01149297919968123  0.02341756570063217  0.03702913327405088
  0.05017467790162731  0.06333003158795023  0.07615546463705532  0.08809139189481263
  0.09845570614971884  0.10860585074819887  0.11964427076751719  0.13196068885079759
  0.14622771475545104  0.16158881251311266  0.17491488824571477  0.18727983475641910
  0.20031779411948611  0.21210621919560424  0.22309650822193153  0.23479113943143451
  0.24755809320770655  0.26055168042053883  0.27309258482648863  0.28461970542820025
  0.29660154363152003  0.31007043285777525  0.32372053514919275  0.33672514295038491
  0.34935149364962970  0.36111192380556162  0.37244219090297503  0.38467040707086297
  0.39824761336294656  0.41291071160892351  0.42763157010071901  0.44180831195821035
  0.45546263777170282  0.46890504992980092  0.48274233554971419  0.49634853205185037
  0.50825954054998590  0.51960955225796046  0.53078850482187268  0.54248286934279655
  0.55512927474114582  0.56918398117423841  0.58596895368949431  0.60307522644589062
  0.61680694003049585  0.62943330339140957  0.64146018473487920  0.65438641843126943
  0.66781423926929151  0.67962353254136243  0.69111749029232616  0.70381046769702604
  0.71767055723261475  0.73105071463794147  0.74413779243209888  0.75680213298349452
  0.77020145144548102  0.78534613783628504  0.80068481667065905  0.81480422625724702
  0.82623640764811690  0.83732179803454077  0.84769312885241255  0.85825152828240314
  0.86786713279964844  0.86926043790965224  0.87065374301965615  0.87204704812966005
  0.87344035323966385  0.87483365834966775  0.87622696345967155  0.87779311237694635
  0.87939430817320929  0.88099550396947224  0.88259669976573518  0.88419789556199813
  0.88579909135826107  0.88741070087449725  0.88903021595756437  0.89064973104063161
  0.89226924612369873  0.89388876120676597  0.89550827628983309  0.90103519004431698
  0.91466283632388612  0.92710870022371195  0.93928874328099077  0.95175945660817685
  0.96483545008570437  0.97620685636244975  0.98764429699623824  1.00000000000000000
 -0.00326813458716009  0.01365192247631174  0.02676657976381107  0.03918477992391030
  0.05214337091491891  0.06466438593189343  0.07496504788298868  0.08542739077027350
  0.09561669653947535  0.10589759804695556  0.11643894669056987  0.12680288094081740
  0.13901210076175871  0.15306663033757831  0.16696437049479895  0.18076164025323285
  0.19441236638387610  0.20965022071172981  0.22253492645486622  0.23548691592282101
  0.25035044288421732  0.26739257591827620  0.28261656727062073  0.29586767477802722
  0.30830736587894803  0.31987463669209637  0.33148955293060112  0.34280653500830816
  0.35286200224825476  0.35459482199108250  0.35596554032931060  0.35733625866753865
  0.35870697700576670  0.36007769534399475  0.36144841368222286  0.36282302173432834
  0.36419802909149684  0.36557303644866529  0.36694804380583379  0.36832305116300229
  0.36969805852017074  0.37113651777739776  0.37258545610809229  0.37403439443878689
  0.37548333276948143  0.37693227110017602  0.37838120943087056  0.38776526344754270
  0.39865557809772445  0.41060577074253091  0.42252479420884509  0.43421936688904977
  0.44630920878997860  0.45820120506713258  0.46913782450611630  0.48070180728241552
  0.49317521121960228  0.50540109008849765  0.51720088862391489  0.52821333715638841
  0.53881345330764896  0.54916732737450813  0.56022980312507187  0.57226237179805339
  0.58370546715951133  0.59501071070794098  0.60645494556815271  0.61837343628160968
  0.63164039798322602  0.64709790329380323  0.66177821922850799  0.67478132307866778
  0.68752224566830100  0.69913313139154099  0.71046591073249177  0.72220454096332065
  0.73474296512371129  0.74750584213061755  0.76140157912694906  0.77534686669312813
  0.78926616963155127  0.80362370053416665  0.81802456798457701  0.83289384248291432
  0.84925750679019785  0.86665429712247000  0.88254018935141243  0.89682516879187069
  0.90962500317541295  0.92172310497290366  0.93428081125439333  0.94764059584406668
  0.96024787583481530  0.97224707397879784  0.98529922008228410  1.00000000000000000
 -0.00121121872662806  0.03239478876616656  0.05648405013433770  0.07760908942243036
  0.09747922712397947  0.11549970989752170  0.13198886294914777  0.14726322364227212
  0.16182211743214411  0.17713385161855288  0.19382793523448463  0.21028020162287350
  0.22513905155069699  0.23935421206949145  0.25257957064629394  0.26577489369640495
  0.28043839088296019  0.29654101043838199  0.31140533523663794  0.32477870673450537
  0.33851567952859524  0.35435105297142755  0.37065148120775715  0.38801582496148224
  0.40317591863567753  0.41557633475314498  0.42617469649820289  0.43618182178671394
  0.44507744299098007  0.45383663940784330  0.46169413276854204  0.46885331997250107
  0.47614932528652032  0.48338442502398371  0.48994109503626160  0.49600361217388167
  0.50194795653181346  0.50806621051271983  0.51451528692485549  0.52059186034091609
  0.52646730836513489  0.53216345908141283  0.53787937968605504  0.54354781521343665
  0.54634566543674390  0.54730117060554129  0.54825667577433868  0.54921218094313617
  0.55016768611193356  0.55112319128073095  0.55207878723858772  0.55303448962059398
  0.55399019200260025  0.55494589438460651  0.55590159676661277  0.55685729914861903
  0.55781430557040823  0.55877413620084659  0.55973396683128496  0.56069379746172332
  0.56165362809216168  0.56261345872260005  0.56420994522810963  0.56929803024437042
  0.57444937909511296  0.57987896044411880  0.58581096544926248  0.59190957005855738
  0.59807078581008732  0.60436049496606414  0.61084743696000932  0.61747605484837664
  0.62447921420011410  0.63206946602796310  0.64026546394986794  0.64899741230681440
  0.65767364722589050  0.66669243301715908  0.67759888448960537  0.68967315548172226
  0.70314109592215734  0.71712347558604483  0.73152074261578515  0.74609456866327162
  0.76088495536564593  0.77558392540480137  0.79072836236944888  0.80520176273435762
  0.81978992979514798  0.83559477377638514  0.85375150441554792  0.87305983991583658
  0.89387333690933002  0.91890878722380154  0.94999347960006664  1.00000000000000000
  0.00149774099153862  0.08719140031271870  0.12805856589460529  0.15050862290826836
  0.16989857921827947  0.18733355601397053  0.20327975839388576  0.21705596540513891
  0.22981688916903945  0.24249681165773482  0.25492956233763869  0.26717893847185237
  0.27890005627904241  0.28895531494768756  0.29826994625311287  0.30736276875833124
  0.31707242235603572  0.32728563304142050  0.33764692358764015  0.34753338675942708
  0.35739654674101112  0.36638527394499881  0.37390026228306672  0.37508966117740211
  0.37627906007173745  0.37746845896607284  0.37865785786040823  0.37984725675474362
  0.38103665564907901  0.38220430769581043  0.38336980858855224  0.38453530948129411
  0.38570081037403597  0.38686631126677784  0.38803181215951965  0.38919719612251319
  0.39036250393046046  0.39152781173840773  0.39269311954635500  0.39385842735430227
  0.39502373516224953  0.39818756496323815  0.40612408521785304  0.41383004355133041
  0.42115552562260367  0.42842822235044548  0.43565538925742869  0.44254005719805301
  0.44899556780759475  0.45552850611961204  0.46260794361927171  0.47011498431067550
  0.47774522305885486  0.48485960883948370  0.49199291662385775  0.49864582369122279
  0.50514766297301950  0.51199186422636378  0.51969356015440693  0.52725546378099986
  0.53443319356042385  0.54137532241038999  0.54833979980794134  0.55556880541627784
  0.56259379950448296  0.57131828882495383  0.57986722140957958  0.58867569431614108
  0.59723797309504711  0.60542923571657903  0.61267746442946525  0.62005346322259414
  0.62730332195308192  0.63453257219160641  0.64186532955894793  0.64963339832078404
  0.65766962513339544  0.66550010361651080  0.67440588466724249  0.68394750185721587
  0.69380260806346761  0.70451109475204676  0.71521388533069752  0.72616302622273099
  0.73686041114786027  0.74766796080768660  0.75848854428402201  0.77039436740655964
  0.78302579241602177  0.79614814413480728  0.81159886663155123  0.83034267529531469
  0.85135731391970138  0.87594530199466614  0.91421819055756481  1.00000000000000000
   8.9104877601100002E-013  -1.0000000000000000     
  <DiscreteSampler_grid>
  Helicity
  1 # 1 for a reference and 2 for a running grid.
  80 # Attribute 'min_bin_probing_points' of the grid.
  1 # Attribute 'grid_mode' of the grid. 1=='default',2=='initialization'
  0.0300000000000000 # Attribute 'small_contrib_threshold' of the grid.
  0.3330000000000000 # Attribute 'damping_power' of the grid.
 # binID   n_entries weight   weight_sqr   abs_weight
    1   1660   2.819553004016498E-012   1.314929307846979E-022   2.819553004016498E-012
    2   81   3.670157011122060E-013   1.090232793157436E-023   3.670157011122060E-013
    3   80   1.424762967000000E-016   6.669409524510000E-032   1.424762967000000E-016
    4   1676   2.727770157535302E-012   2.167568055281213E-022   2.727770157535302E-012
  </DiscreteSampler_grid>
  <DiscreteSampler_grid>
  grouped_processes
  1 # 1 for a reference and 2 for a running grid.
  10 # Attribute 'min_bin_probing_points' of the grid.
  1 # Attribute 'grid_mode' of the grid. 1=='default',2=='initialization'
  0.0300000000000000 # Attribute 'small_contrib_threshold' of the grid.
  0.3330000000000000 # Attribute 'damping_power' of the grid.
 # binID   n_entries weight   weight_sqr   abs_weight
    10   10   2.746500442510000E-005   2.604600022730000E-009   2.746500442510000E-005
    22   10   2.746500442510000E-005   2.604600022730000E-009   2.746500442510000E-005
    16   10   2.746500442510000E-005   2.604600022730000E-009   2.746500442510000E-005
  </DiscreteSampler_grid>
