  0.00032560605212865  0.00038028205698213  0.00041928123725066  0.00045779511254624
  0.00048883861044868  0.00051514288106708  0.00054142746939052  0.00056575751269602
  0.00058693710971260  0.00060445521049842  0.00062076095356925  0.00063711305898552
  0.00065296793157698  0.00066338895030279  0.00067300106048813  0.00068218667072678
  0.00069337062140454  0.00070725221549977  0.00072139787650907  0.00073520176222560
  0.00074807062297474  0.00075919706968093  0.00076878110182619  0.00077813765342570
  0.00078823029691028  0.00079892097343811  0.00080905623961241  0.00081853944819203
  0.00082663333243622  0.00083418309263587  0.00084126693712776  0.00084957043771941
  0.00085802909860091  0.00086692688220358  0.00087543168374475  0.00088350887633285
  0.00089145853441118  0.00089921755863769  0.00090657558660094  0.00091372601896331
  0.00092044038756673  0.00092559692282823  0.00092906626173656  0.00093249514306293
  0.00093720092773964  0.00102120244404666  0.00121177512109515  0.00132498746433113
  0.00135382172720368  0.00137532958750440  0.00140159999806432  0.00142796150404343
  0.00145747844887878  0.00148791391059761  0.00151962677048475  0.00154398765373974
  0.00155257625680664  0.00156116485987354  0.00156975346294044  0.00157939376997163
  0.00158919036285715  0.00159898695574267  0.00160889666609718  0.00161911871220709
  0.00162934075831700  0.00163956280442692  0.00167142164044627  0.00172155113680776
  0.00175946885541721  0.00179549269224174  0.00183615453509797  0.00187796933248166
  0.00192059085609910  0.00199821507274393  0.00207069844981295  0.00213994900631154
  0.00221517332171613  0.00230011512231902  0.00240355623260764  0.00252452424710199
  0.00266207235301140  0.00281309129458402  0.00303057935698089  0.00327179272570368
  0.00351745858143421  0.00369511276978279  0.00380571183876960  0.00398647626986691
  0.00419403500940929  0.00442000794905240  0.00521799925495528  0.00752950833599826
  0.00838023120470592  0.01213190225432511  0.02660416880313720  1.00000000000000000
 -0.00040405586051068  0.00349239164824744  0.00856563931066765  0.01558834156785707
  0.02305010708827805  0.03099956689747582  0.04015733947104123  0.04984584144936191
  0.05931538349822191  0.06887741363523077  0.07851619338306119  0.08843302783355927
  0.09866487820889171  0.10963711400305663  0.12055769469433819  0.13135902807740168
  0.14229252894560185  0.15412219665213811  0.16623231016595319  0.17742772420590908
  0.18821415205406739  0.19855097999207899  0.20986654147889636  0.22132177408878279
  0.23260741199729165  0.24390002969177074  0.25568300394970023  0.26729288220290764
  0.27860624388214383  0.28985347521870886  0.30130735000593001  0.31394519490983408
  0.32783703125641744  0.34086102889075193  0.35188516366425970  0.36175329035183590
  0.37130431498312710  0.38035624895132647  0.39059554850660921  0.39960121247231339
  0.40641506433245456  0.41327099700841591  0.42018980195498973  0.42654389749673766
  0.43267170637474955  0.44007677989587984  0.45152625585010697  0.46384837753759400
  0.47511580265715087  0.48634179723745152  0.49617657045935276  0.50471067282137516
  0.51096269328293320  0.51370613415830368  0.51644957503367428  0.51920088270658904
  0.52195742803844025  0.52471397337029146  0.52824418390822503  0.53185151342624104
  0.53709375391528524  0.54864814704938725  0.56148787053219740  0.57512362539433570
  0.58967536268606113  0.60508399332641083  0.62078635019594008  0.63583878461991516
  0.64991055068264347  0.66355394421622294  0.67479557405448776  0.68524883634586808
  0.69638086687386891  0.70830485505682339  0.71877094590595658  0.72593242558799298
  0.73291471085529303  0.73974544735584746  0.74644129966763073  0.75308149067549801
  0.76518532838861553  0.77792516040090587  0.79442003547706752  0.81161782520750292
  0.82799950576327142  0.84441572807262466  0.86100846595784986  0.87789805660432163
  0.89455855266989048  0.91067298313510592  0.92639174801777058  0.94181022074323428
  0.95684604726505096  0.97154325800924113  0.98602221755987440  1.00000000000000000
 -0.00206039621162631  0.01136137851636822  0.02319678715553658  0.03529835980388486
  0.04666726857682865  0.05810112807752095  0.07010832470255310  0.08286530564668405
  0.09599763969649144  0.10936743447640501  0.12084824213207074  0.12851059638822959
  0.13549929810591493  0.14176744008979103  0.14645295201150677  0.15138596350782008
  0.15847612505605918  0.16406524626193975  0.16958995782139294  0.17502114797895416
  0.18053356144775845  0.18610684107335831  0.19415745029267859  0.20370287684198699
  0.21264699235048828  0.22232658952863080  0.23376999730888515  0.24495845599943919
  0.25561526274891067  0.26674249515405890  0.27881267623596251  0.29255496127273684
  0.30669333854358993  0.32168058550809880  0.33659631321196282  0.35098555583591140
  0.36483398885838508  0.37810834654131409  0.39041978235765412  0.40283484805729308
  0.41605349674366005  0.43014223439740118  0.44382821182625337  0.45778087454301725
  0.47268899597929942  0.48748422776838357  0.50137686033132545  0.51515944998532825
  0.52868241266600324  0.54127315349756078  0.55327682544550827  0.56520973695767152
  0.57786245311596163  0.59052393182335616  0.60371604932213085  0.61648860959229912
  0.62818403803045619  0.63925277585118423  0.64993150455295490  0.66122701482519675
  0.67256380066030164  0.68296007786160340  0.68754645109052148  0.69213282431943968
  0.69690757362997535  0.70181971676644439  0.70673185990291343  0.71148368201902523
  0.71623294431543250  0.72370099022553003  0.73599980134509124  0.74897117397148760
  0.76238095077836476  0.77522386406154120  0.78776706816130859  0.79645124193873840
  0.80412483630195364  0.81165402540734322  0.81928884856733253  0.83101172342967855
  0.84187740883743944  0.85123361713958801  0.85934351046902535  0.86757696733034650
  0.87623645992228960  0.88504656105884083  0.89589862302075685  0.90887332121317976
  0.92202981429389319  0.93300433248445136  0.94312780257796225  0.95443452145128904
  0.96691779465842109  0.97866821238399260  0.98968568764892906  1.00000000000000000
 -0.00234810385177997  0.01119283074289365  0.02285837761590939  0.03557194137151794
  0.04938372123021568  0.06380198847511828  0.07627596155086344  0.08699598631522218
  0.09766612893397830  0.11062487753718876  0.12462866054372848  0.13836710178615996
  0.15153815474259782  0.16300536983162522  0.17400196759714875  0.18484473943514815
  0.19510323356741066  0.20847037885007202  0.22082395239511915  0.23401272489424205
  0.24644800205753786  0.25770528041703583  0.26868904913252883  0.28057384722959228
  0.29393583547279317  0.30685894987736273  0.31894444606129280  0.32917662100747558
  0.33953000666042260  0.35027651203866250  0.36164036410730432  0.37099700777773353
  0.37748716987439918  0.38393075786865444  0.39035568120889169  0.39651861167524777
  0.40431049285951653  0.41605186934065275  0.42852594666090854  0.44146784241122028
  0.45422851365265693  0.46298903024508781  0.47071138331313772  0.47791401717385484
  0.48730942719548415  0.49877325735878913  0.50898703051793459  0.51524310870670531
  0.52053369234018931  0.52530225834652100  0.53044485741949021  0.53617068148109159
  0.54625706978730082  0.55849323412429053  0.57076628837869470  0.58387934351842086
  0.59721087987949850  0.60543443948045339  0.60961676196079384  0.61379908444113440
  0.61806837363111078  0.62235850418397987  0.62664671899952895  0.63088730640239232
  0.63512789380525569  0.64013510459687306  0.64970195246677576  0.65814776705997391
  0.66882428827079066  0.68099676190698877  0.69409018446724591  0.70504101970029798
  0.71553136924432470  0.72577815497604214  0.73673293884674484  0.74924284668188079
  0.76251294420262672  0.77621399724037665  0.78960486762457383  0.80296024568868474
  0.81578916062107432  0.82799794831495233  0.84001727295573969  0.85247610756116587
  0.86535297728655070  0.87686762749552849  0.88805270983707241  0.89916320639876590
  0.91179432131697957  0.92442495607046915  0.93830189203415282  0.95078602037754290
  0.96191370220795214  0.97341113986142214  0.98639450374376314  1.00000000000000000
 -0.00286781491460470  0.01322239646769734  0.02418941104163730  0.03568630889696071
  0.04786393212035690  0.06095156941426369  0.07363270676921445  0.08580564378895872
  0.09806557026227257  0.10952501547717483  0.11444489948391913  0.11923691367307565
  0.12373507447945523  0.12813736217115554  0.13240933973826674  0.13963464398494499
  0.15061715264080103  0.16284077764660901  0.17529675497668429  0.18654242764216106
  0.19716073240916418  0.20722478290879365  0.21412897230966449  0.21790086478090714
  0.22167275725214980  0.22569772486020351  0.22974061630232517  0.23383769648308569
  0.23802760453776087  0.24221751259243604  0.25102890628676822  0.26028550992173999
  0.26939950934965784  0.27939844196251440  0.29168858754710514  0.30487877247497885
  0.31724171920889843  0.32922253705073079  0.34043117694515618  0.35048062676917391
  0.36009296162778642  0.37053364997584876  0.38278299350420120  0.39623391119260742
  0.40975901017364802  0.42202131235335405  0.43306828774963829  0.44316079665737373
  0.45489953779028652  0.46767597057330235  0.48113198863680440  0.49476358743633164
  0.50795896280480235  0.52078913122312964  0.53377488718380128  0.54661018321385835
  0.55837058417288998  0.56924719110590061  0.58026852803993223  0.59217429328952920
  0.60520761221165720  0.61986353587994569  0.63430160136094793  0.64666426606232785
  0.65857746343294821  0.67055703070893602  0.68207785458048420  0.68999415790687846
  0.69622060489947535  0.70233507229482273  0.70746035594163548  0.71689508426494031
  0.72840136086802021  0.73982118948580755  0.75129995530478266  0.76251552535471379
  0.77157595920240463  0.78047698755845474  0.78929916467053141  0.79996251153631981
  0.81164463384637831  0.82266404741793364  0.83418568307569041  0.84743298453006044
  0.86102087413953732  0.87420541008562924  0.88717160303728326  0.90052331037876854
  0.91273483726791649  0.92566239069540923  0.93863093431912925  0.95088960844476955
  0.96274898131067210  0.97452289552652516  0.98693295783564461  1.00000000000000000
 -0.03350494308311801  0.18210802388397540  0.27192159005538147  0.33723177573939378
  0.39174904009590539  0.42805048990046146  0.44962141351455920  0.46456569258361635
  0.47616748317274654  0.48727528678207505  0.49634797446627166  0.50427226007911263
  0.51123018273707554  0.51746728869125591  0.52310749082582053  0.52847776520700318
  0.53202949736679206  0.53467897689642452  0.53665036561373436  0.53854031701035898
  0.54053229309454054  0.54366859011683610  0.54775846782619786  0.55095239522562123
  0.55384622682858997  0.55687784697130915  0.55994655998745912  0.56347688796860518
  0.56715460332265111  0.57051226174142555  0.57360405395433067  0.57653637681261571
  0.57943318595040838  0.58300186936423637  0.58619241560256563  0.58900025553939095
  0.59181906049959088  0.59469571391750575  0.59793592902391801  0.60120114027166172
  0.60445749337429844  0.60800982875610843  0.61106705542227246  0.61400212020731149
  0.61712976073131920  0.62022478530625003  0.62351743546525573  0.62730754725538462
  0.63147273843903085  0.63596164037697822  0.64030764190361977  0.64485703230934688
  0.64981221788848520  0.65540047256145295  0.66178650502606284  0.66852710855844943
  0.67499672184330906  0.68085963187974530  0.68662546025930871  0.69273767392170627
  0.69974845127828700  0.70709178337273426  0.71344094910209310  0.71748488430347146
  0.71945751604924313  0.72143014779501469  0.72359029634934369  0.72579630192540323
  0.72805675178439400  0.73058039801516861  0.73310404424594322  0.73824774486815181
  0.74525421881044296  0.75243393993118246  0.75935059141990635  0.76663740165159222
  0.77215282413028796  0.77771070454818358  0.78356506840643003  0.78998553195197052
  0.79840493943788549  0.80730639612258548  0.81683265378653791  0.82655543815971544
  0.83633207318589831  0.84588829356605932  0.85456347705997915  0.86434285512303732
  0.87467870814233672  0.88798223706877188  0.89564711522708762  0.90392763694248413
  0.91349348220547111  0.92612513946250707  0.94124563096783953  1.00000000000000000
 -0.03031011605924894  0.14452269479920005  0.18204925309995607  0.20328518577821925
  0.21785475495833465  0.22580333262950739  0.23280073752859784  0.23948421984384008
  0.24582848923014913  0.25346682573818508  0.26601995089237052  0.27715794923579734
  0.28730018181124911  0.29568517404478978  0.30334153383350720  0.31112283829379217
  0.31888937318503086  0.32933582743524464  0.33835926279650824  0.34645671902131298
  0.35409377344536863  0.36228117329204279  0.37053502504555985  0.37867055860896276
  0.38573269731067888  0.39246779633972340  0.39850914518682751  0.40424121537994356
  0.40937499737558297  0.41504073182669993  0.41999481505409897  0.42517434060180537
  0.43034818531588592  0.43617520185938308  0.44053360814054110  0.44489537580142818
  0.44939439316545776  0.45409569728752502  0.46057665199989523  0.46696213739909331
  0.47331960486869312  0.47941914437148186  0.48510195628444380  0.49036999608046961
  0.49566899453684166  0.50118385267683008  0.50689529749235973  0.51297583426785731
  0.51847035797409091  0.52381461577649546  0.52920960654220117  0.53472033868238456
  0.53988844942294467  0.54479809312296290  0.55002308861840477  0.55578818112954165
  0.56257865000001039  0.56985580202495112  0.57682631893053704  0.58284649439768976
  0.58860682171436063  0.59403849961771760  0.60029215723154650  0.60737849173801994
  0.61405815812299858  0.62079459850842911  0.62743509164230682  0.63322541187239267
  0.63927259375066092  0.64555023219037078  0.65207263285237083  0.65889029408759392
  0.66593737238437256  0.67442399855546642  0.68295924453623369  0.69130497037472971
  0.69852065139382524  0.70297175099432607  0.70751099407352558  0.71212023638200639
  0.71614010784338744  0.71997108007774735  0.72292014536905136  0.72586921066035526
  0.72865041487882909  0.73129961628819573  0.73397812093984027  0.73699355893977259
  0.74000899693970490  0.74795694305484106  0.76048332678754371  0.77501499436208932
  0.79246808568212057  0.81589689747990912  0.85621372386827466  1.00000000000000000
   1.5687056634100001E-011   1.1169190000000001E-005
  <DiscreteSampler_grid>
  Helicity
  1 # 1 for a reference and 2 for a running grid.
  80 # Attribute 'min_bin_probing_points' of the grid.
  1 # Attribute 'grid_mode' of the grid. 1=='default',2=='initialization'
  0.0300000000000000 # Attribute 'small_contrib_threshold' of the grid.
  0.3330000000000000 # Attribute 'damping_power' of the grid.
 # binID   n_entries weight   weight_sqr   abs_weight
    1   18380   7.545167648863917E-011   5.044534341775619E-019   7.545167648863917E-011
    2   903   2.952538836119596E-011   3.509602567028924E-019   2.952538836119596E-011
    3   2849   2.702493380523763E-011   1.534164219719864E-019   2.702493380523763E-011
    4   18694   7.685706035795356E-011   3.960928613433739E-019   7.685706035795356E-011
  </DiscreteSampler_grid>
  <DiscreteSampler_grid>
  grouped_processes
  1 # 1 for a reference and 2 for a running grid.
  10 # Attribute 'min_bin_probing_points' of the grid.
  1 # Attribute 'grid_mode' of the grid. 1=='default',2=='initialization'
  0.0300000000000000 # Attribute 'small_contrib_threshold' of the grid.
  0.3330000000000000 # Attribute 'damping_power' of the grid.
 # binID   n_entries weight   weight_sqr   abs_weight
    16   10   6.081914722540000E-004   1.528567613230000E-006   6.081914722540000E-004
    22   10   6.081914722540000E-004   1.528567613230000E-006   6.081914722540000E-004
    10   10   6.081914722540000E-004   1.528567613230000E-006   6.081914722540000E-004
  </DiscreteSampler_grid>
