+0.0003331248317237 +0.0003621910031421 +0.0003747108717155 +0.0003860584561962 
+0.0003974934578200 +0.0004111005997688 +0.0004233859828910 +0.0004344553128077 
+0.0004448739945310 +0.0004549744533140 +0.0004648683598717 +0.0004744547773764 
+0.0004837177554066 +0.0004929681093997 +0.0005023988626336 +0.0005119871001720 
+0.0005215538396273 +0.0005309932328717 +0.0005405341062504 +0.0005503033540390 
+0.0005601490110090 +0.0005703362119017 +0.0005810428883361 +0.0005922116203989 
+0.0006038194646875 +0.0006154281850682 +0.0006270413679007 +0.0006388970229578 
+0.0006513502374051 +0.0006644288045754 +0.0006778962710131 +0.0006914928798192 
+0.0007058323854722 +0.0007215049179414 +0.0007386061691564 +0.0007547564197480 
+0.0007704603078626 +0.0007882770133960 +0.0008095579740870 +0.0008324438044907 
+0.0008560238731941 +0.0008815712088126 +0.0009061756857756 +0.0009249550623279 
+0.0009452420146210 +0.0009674684109681 +0.0009953791509504 +0.0010302579833745 
+0.0010623140035186 +0.0010897023152460 +0.0011154278979283 +0.0011518078531072 
+0.0012116407219956 +0.0013003485653691 +0.0013963852130933 +0.0014800352079771 
+0.0015589220738608 +0.0016334502923957 +0.0017106014345735 +0.0017870409570520 
+0.0018641000009829 +0.0019504673653137 +0.0020651635585893 +0.0021924865520394 
+0.0023020717666571 +0.0024212828907573 +0.0025277933441803 +0.0026076927862193 
+0.0026949229281486 +0.0027917098736354 +0.0029223278034946 +0.0030986417645046 
+0.0032783578161842 +0.0034604066437923 +0.0036072817211987 +0.0037384433298622 
+0.0038145204298193 +0.0039502057287859 +0.0041447203788587 +0.0045302875457218 
+0.0052556145073026 +0.0058045486526803 +0.0062681980974950 +0.0066330599292927 
+0.0069784405766553 +0.0072302754200000 +0.0075035988937775 +0.0079255154373391 
+0.0087253590397725 +0.0105723196209016 +0.0156205558859064 +0.0259904418223363 
+0.0379492003927026 +0.0499079589630689 +0.0499079589630789 +0.0707464550307064 
-0.0013618548857880 +0.0073899252951262 +0.0147617860479660 +0.0222713391218713 
+0.0348348925674243 +0.0481081068718965 +0.0607576458716443 +0.0726705428798825 
+0.0843211460987319 +0.0961155901007539 +0.1083216688968761 +0.1203394094758378 
+0.1324934063622427 +0.1448646625116721 +0.1578976213604713 +0.1704523680955711 
+0.1824627606905702 +0.1940159227111029 +0.2051848395842172 +0.2160135579831269 
+0.2269218280929558 +0.2377174658297149 +0.2479802635400997 +0.2583895203330159 
+0.2693918241181352 +0.2818315597894817 +0.2927908165195039 +0.3036674147890210 
+0.3135676088852709 +0.3231889488696313 +0.3319468097870685 +0.3407532580890235 
+0.3497037044968864 +0.3592800198307818 +0.3685254555866586 +0.3781238230676271 
+0.3885865696273150 +0.3995974663961028 +0.4110667874707193 +0.4219065290143074 
+0.4317327128619687 +0.4416205898498030 +0.4514305966553969 +0.4621110333211561 
+0.4723234516646945 +0.4817413813771507 +0.4901438930492535 +0.4989441748410569 
+0.5078798170467030 +0.5173104412295857 +0.5270150683230623 +0.5362145070767802 
+0.5461966038151320 +0.5572674134435117 +0.5676978734003409 +0.5775495867872331 
+0.5867737885698483 +0.5960551139086459 +0.6067650411012083 +0.6178866657516235 
+0.6286691850062964 +0.6380142437918092 +0.6473723497878954 +0.6568059061330921 
+0.6677195993445009 +0.6801031728381919 +0.6925077207399181 +0.7044734676918261 
+0.7139653680985318 +0.7206779788895261 +0.7275965403605066 +0.7350916972422308 
+0.7423994431645927 +0.7522265657203936 +0.7637837539102487 +0.7752202695403854 
+0.7859492906871739 +0.7966929067498989 +0.8073977612187722 +0.8180863860341764 
+0.8277666627398262 +0.8366797695495795 +0.8457355124433474 +0.8557459909482129 
+0.8669122615023692 +0.8783172189020124 +0.8905246125403201 +0.9030600205811811 
+0.9159617756150451 +0.9284629530280153 +0.9409502629223724 +0.9535562841383649 
+0.9662838292153413 +0.9782726972462812 +0.9894471981959430 +1.0000000000000000 
-0.0025790310686750 +0.0084149604080079 +0.0173886678965449 +0.0272338712480909 
+0.0384066083179425 +0.0505547370279154 +0.0623405477233232 +0.0740176207113239 
+0.0857419734067675 +0.0968609626430284 +0.1082619368521207 +0.1189586670738477 
+0.1305634084547612 +0.1400324129896753 +0.1495456030098791 +0.1590053847273255 
+0.1696482278367309 +0.1811831599116395 +0.1929004694534557 +0.2044312436948384 
+0.2157152590645614 +0.2275013164325578 +0.2396779808716914 +0.2521034823407471 
+0.2642994020673357 +0.2761636116592474 +0.2876111755110999 +0.2986869383445384 
+0.3099136536966429 +0.3214493088018229 +0.3327683097682804 +0.3433957826502130 
+0.3534008346998922 +0.3646574042395921 +0.3762148746170001 +0.3875748427869557 
+0.3986723262130760 +0.4093209691093806 +0.4208310738494395 +0.4324750737265051 
+0.4432234112318244 +0.4541663138618156 +0.4642841594392489 +0.4746884231614718 
+0.4863701258853229 +0.4981325512064058 +0.5100255206608858 +0.5210175018328378 
+0.5308480713251748 +0.5411289054057528 +0.5469523560017795 +0.5547985148777841 
+0.5627991985429367 +0.5710311066816750 +0.5807492854957369 +0.5926765650435185 
+0.6046127224158917 +0.6160284162627944 +0.6272937207144804 +0.6384453811739523 
+0.6476189108093302 +0.6551176878569558 +0.6629570712637946 +0.6712450652327474 
+0.6801607659365283 +0.6916311108515520 +0.7029485446142163 +0.7137723978805385 
+0.7244466885823477 +0.7356493770761481 +0.7459229953096966 +0.7557963904876632 
+0.7654679398704624 +0.7752181968439610 +0.7860738551780736 +0.7970557884687348 
+0.8091133482536638 +0.8201030847998798 +0.8295986360834119 +0.8375701276363238 
+0.8442864841861137 +0.8516784944607244 +0.8594555246845136 +0.8678114049489926 
+0.8774502123587252 +0.8875561608007478 +0.8983314096738571 +0.9098978488808014 
+0.9213474976086679 +0.9328002510130614 +0.9440720390348267 +0.9558582071842587 
+0.9675403057755545 +0.9789274537618642 +0.9894100078459664 +1.0000000000000000 
-0.0027313358146793 +0.0123134450825070 +0.0245621053706798 +0.0368350943954428 
+0.0490901053819038 +0.0610831434395080 +0.0731270017782806 +0.0851142724085093 
+0.0970263074933001 +0.1089855084634039 +0.1209120278425112 +0.1326656616567957 
+0.1443713268362386 +0.1563031712402462 +0.1682350322266556 +0.1801822149271821 
+0.1922071998551280 +0.2039964186512661 +0.2149950941877126 +0.2256866498951874 
+0.2362344752622602 +0.2477518015778575 +0.2595843445974636 +0.2679589633328517 
+0.2753416299630947 +0.2835527694169556 +0.2919311500080226 +0.3026301555238712 
+0.3151018605582657 +0.3242322619236701 +0.3309356520068110 +0.3378505914407248 
+0.3437196313777950 +0.3498691324769772 +0.3597691565427199 +0.3705289026514943 
+0.3809865581174309 +0.3917921090714543 +0.4014809597182457 +0.4107269841587121 
+0.4201996002670457 +0.4300226466175284 +0.4405288455688710 +0.4510900641070311 
+0.4614131660546557 +0.4720290193030803 +0.4832259790800338 +0.4917782585574499 
+0.5010868972057655 +0.5099459631961586 +0.5184740080929244 +0.5289270270527305 
+0.5397017539079861 +0.5516981478148153 +0.5639488517084753 +0.5753398428254088 
+0.5854317735164736 +0.5953094373413125 +0.6049423391085391 +0.6147264563997443 
+0.6249708828237776 +0.6352189107946240 +0.6454416248965287 +0.6565307132078082 
+0.6664656875775719 +0.6751157227996342 +0.6836085711408064 +0.6922828966953791 
+0.7028862583000030 +0.7134473819951921 +0.7234733951424812 +0.7336785234834690 
+0.7446804784883000 +0.7564372037182620 +0.7680745492124912 +0.7794878646821014 
+0.7900946722208259 +0.8002647526302384 +0.8105099893396627 +0.8220357896741994 
+0.8336983861616332 +0.8440114211933933 +0.8525525201048587 +0.8608405110600610 
+0.8694073828527482 +0.8794051760108521 +0.8895221609204808 +0.9008254975008094 
+0.9135725630409823 +0.9264015085672616 +0.9393719404454590 +0.9522618651920974 
+0.9646394316869661 +0.9765970186437842 +0.9883747338380352 +1.0000000000000000 
-0.0019446630236609 +0.0087920163291280 +0.0186458099034087 +0.0302954995982102 
+0.0422613689235843 +0.0536687789971403 +0.0648261988032367 +0.0768152631430657 
+0.0886784617155005 +0.1002171679493655 +0.1117492513884018 +0.1234880339926708 
+0.1352538387347574 +0.1434723224259459 +0.1508295767482864 +0.1580421776219898 
+0.1651676872643803 +0.1733155253464676 +0.1855433303705634 +0.1974893192782544 
+0.2089483906807581 +0.2203625295599320 +0.2318445395019993 +0.2434189760211328 
+0.2549348662785152 +0.2664898902401890 +0.2774067485531942 +0.2880866755604963 
+0.2985172955131015 +0.3094373565114764 +0.3208611101956664 +0.3313745801858836 
+0.3400928255825502 +0.3481685200850619 +0.3559908314688082 +0.3645704076068352 
+0.3729668236940502 +0.3815511680476630 +0.3902131264256515 +0.3992702922674755 
+0.4097003562202722 +0.4213154207367685 +0.4324869150570890 +0.4432545302718620 
+0.4538357360202662 +0.4654505235228802 +0.4779647783603131 +0.4911208859605573 
+0.5032032618137482 +0.5144053400110286 +0.5240414518794319 +0.5342429893815362 
+0.5444083510601553 +0.5551507993828356 +0.5668541771290516 +0.5787950931155857 
+0.5906032461089109 +0.6001306001945864 +0.6083189166055762 +0.6166089954731049 
+0.6252165597135164 +0.6360430783261877 +0.6455859464076287 +0.6538098000777104 
+0.6618445385485302 +0.6700912629348978 +0.6800238369131941 +0.6924298185417349 
+0.7047957171415992 +0.7157888121463573 +0.7260734855127563 +0.7364491476543198 
+0.7470683288329746 +0.7575911334951798 +0.7684585517527626 +0.7801010632106844 
+0.7920710217054767 +0.8038278963302391 +0.8150204182462855 +0.8257237689195650 
+0.8362847380159235 +0.8472266402834630 +0.8587248029628394 +0.8696563867561607 
+0.8801212596078456 +0.8905248887157191 +0.9010649998102149 +0.9117253374747291 
+0.9210153562205927 +0.9299412795053811 +0.9392437538748816 +0.9489988064366861 
+0.9609622016946758 +0.9733789993029941 +0.9868964539309596 +1.0000000000000000 
-0.0144283210265160 +0.0806062153947549 +0.1326748243842592 +0.1740596673059268 
+0.2077928594719707 +0.2347729611712138 +0.2576311671466520 +0.2792367667453961 
+0.3004939847319143 +0.3221774013240957 +0.3441900358235373 +0.3642088718077269 
+0.3825524774418982 +0.3999414451106766 +0.4146391377166806 +0.4282772941272833 
+0.4407657950682957 +0.4509322255919287 +0.4599939041712952 +0.4680537729883206 
+0.4755907946943251 +0.4821055466145016 +0.4878366389769438 +0.4929750091108319 
+0.4980188270463843 +0.5030506507225901 +0.5078717009730210 +0.5124222111681930 
+0.5169027902184496 +0.5211201281571224 +0.5253186580742016 +0.5295834391446670 
+0.5338272643563722 +0.5379728834947020 +0.5419683554006427 +0.5458051523946847 
+0.5494476726160675 +0.5529270438365133 +0.5563824145834587 +0.5598986253629411 
+0.5634703079743304 +0.5670463957986182 +0.5705838788002238 +0.5741939315545973 
+0.5779102788195964 +0.5816720732928745 +0.5854508209942864 +0.5892615067059279 
+0.5930474641671010 +0.5970254168378214 +0.6011090337693812 +0.6054655691434642 
+0.6100592397674042 +0.6150643146723069 +0.6203897024920957 +0.6262012302409214 
+0.6327098020767327 +0.6398672090666582 +0.6466842189139858 +0.6533342332743072 
+0.6602915735530055 +0.6682224247929663 +0.6782596189220214 +0.6885108852108671 
+0.6968800875975214 +0.7024636834640702 +0.7074812020047048 +0.7125205520699815 
+0.7177454648261378 +0.7245436198889847 +0.7333241786708637 +0.7423777194599323 
+0.7514092015037295 +0.7606217065467767 +0.7700080857846709 +0.7789791199384176 
+0.7876877642112821 +0.7966159837828110 +0.8059732686138786 +0.8165928583388292 
+0.8278195278195218 +0.8388958478322626 +0.8483323168943157 +0.8558268624607387 
+0.8624338136499999 +0.8689718748692522 +0.8757588417660910 +0.8854978581909814 
+0.8952189378521948 +0.9052036086064033 +0.9153784693737657 +0.9262313768591575 
+0.9375810221338494 +0.9488764471705364 +0.9662177280982289 +1.0000000000000000 
-0.0310461391683083 +0.1398828070543240 +0.1794429042370626 +0.2025386201662426 
+0.2195070034394879 +0.2333667330446229 +0.2458234827282049 +0.2576045578641357 
+0.2682003597490899 +0.2779731318383499 +0.2866899759981774 +0.2947992537629630 
+0.3016774526954764 +0.3074364642764507 +0.3134583217771447 +0.3192873235627194 
+0.3258978836958912 +0.3328781226122222 +0.3399107731307560 +0.3472708395197889 
+0.3543241671133078 +0.3613889953810693 +0.3683268962403162 +0.3750586046715449 
+0.3813115322383934 +0.3871317919536498 +0.3928470279628094 +0.3986554219284135 
+0.4033419367867140 +0.4066060391892912 +0.4096544961868528 +0.4127024551733354 
+0.4157218605114557 +0.4198121624498191 +0.4251280039626756 +0.4308969543002374 
+0.4364028393201141 +0.4414447307439180 +0.4466335202398945 +0.4516723214449228 
+0.4574343871414106 +0.4630963273900321 +0.4686603620726746 +0.4742410103170054 
+0.4798688168515963 +0.4852616983968985 +0.4906143525968976 +0.4961206414290275 
+0.5017379311403647 +0.5075136739852260 +0.5133199818056516 +0.5188689496715797 
+0.5239862735384033 +0.5291179654030014 +0.5344493755179383 +0.5395471232620973 
+0.5437429119416165 +0.5471998060558922 +0.5506310440185636 +0.5547471610114270 
+0.5600053439849322 +0.5643548122467807 +0.5686630842644194 +0.5729555686903401 
+0.5775197537505048 +0.5828959705787297 +0.5888121301282678 +0.5952431828223318 
+0.6014046049649137 +0.6078539472458879 +0.6141406552407994 +0.6210583776514429 
+0.6278461458829867 +0.6348980319144690 +0.6418128460655527 +0.6483858161322429 
+0.6550177264381728 +0.6619242098724774 +0.6693677110219773 +0.6774089692939644 
+0.6850730965625048 +0.6923100185911824 +0.6995459761686869 +0.7075698343339815 
+0.7162476058887025 +0.7257957977362857 +0.7334700810473355 +0.7409100856429232 
+0.7487831719907014 +0.7574840549535168 +0.7695462563329122 +0.7846383306656511 
+0.8021518988989327 +0.8236788912348345 +0.8581486096711147 +1.0000000000000000 
2.20736752852e-11 3.50432777778e-05 
  <DiscreteSampler_grid>
  Helicity
  1 # grid_type. 1=='ref', 2=='run'
  80 # Attribute 'min_bin_probing_points' of the grid.
  1 # Attribute 'grid_mode' of the grid. 1=='default',2=='initialization'
  0.030 # Attribute 'small_contrib_threshold' of the grid.
  0.333 # Attribute 'damping_power' of the grid.
#  binID   n_entries weight   weight_sqr   abs_weight
    4   25431 1.75036478729e-10 4.72481129382e-19 1.75036478729e-10
    1   23271 1.63932656866e-10 3.27954695064e-19 1.63932656866e-10
    3   9159 6.7905944669e-11 2.29583969733e-18 6.7905944669e-11
    2   4280 3.71459274157e-11 3.99389679061e-19 3.71459274157e-11
  </DiscreteSampler_grid>
  <DiscreteSampler_grid>
  grouped_processes
  1 # grid_type. 1=='ref', 2=='run'
  10 # Attribute 'min_bin_probing_points' of the grid.
  1 # Attribute 'grid_mode' of the grid. 1=='default',2=='initialization'
  0.030 # Attribute 'small_contrib_threshold' of the grid.
  0.333 # Attribute 'damping_power' of the grid.
#  binID   n_entries weight   weight_sqr   abs_weight
    16   10 0.00296878896589 2.66487046552e-05 0.00296878896589
    22   10 0.00296878896589 2.66487046552e-05 0.00296878896589
    10   10 0.00296878896589 2.66487046552e-05 0.00296878896589
  </DiscreteSampler_grid>
