  0.00032583095556738  0.00040006776564462  0.00044309896639113  0.00047524860510766
  0.00050057061461633  0.00052508997612177  0.00054370181558108  0.00056073215821609
  0.00057634562985753  0.00059354579480864  0.00061253005437957  0.00062982278760265
  0.00064628540674562  0.00065868781125812  0.00066823016507736  0.00067743218311740
  0.00068670565678457  0.00069973828333862  0.00071311344550509  0.00072652155158769
  0.00073903194972540  0.00075055048018066  0.00076119566247440  0.00077159993771337
  0.00078191347897804  0.00079210983993914  0.00080255506542268  0.00081279705598353
  0.00082187236628837  0.00082962449627880  0.00083682977954329  0.00084441500381778
  0.00085248858622223  0.00086060895333636  0.00086904545535096  0.00087668957481439
  0.00088357563347149  0.00089036521036491  0.00089754136026833  0.00090475301576195
  0.00091179507134730  0.00091837983846551  0.00092426578653012  0.00092813571229292
  0.00093196468098359  0.00093500957790507  0.00094025096821228  0.00104042873999059
  0.00118300848902638  0.00130985845712101  0.00134976406087459  0.00136852117673841
  0.00139089087355641  0.00141053654980129  0.00142662535282600  0.00144492189387940
  0.00146374853689260  0.00148310228550648  0.00151056031342292  0.00153394502314765
  0.00155734788191357  0.00158230705513950  0.00161152780773959  0.00165847441610620
  0.00170675960967844  0.00175429076315419  0.00180690941525356  0.00186602605202005
  0.00193205890681705  0.00201382229170352  0.00209823877751031  0.00217077282147454
  0.00222877844199849  0.00228569720740941  0.00234359749047027  0.00241453056667787
  0.00251892155216094  0.00265017088272925  0.00278781023554836  0.00293294661214946
  0.00310393631729410  0.00326780211112125  0.00342148652451471  0.00355699997798579
  0.00368549263436914  0.00379953747250961  0.00416129827652475  0.00445930426332700
  0.00506039899704266  0.00570353356450997  0.00631568491139464  0.00735365466788681
  0.00826847262732673  0.00836719089696606  0.02660416880313720  1.00000000000000000
 -0.00036552400591835  0.00346145051738187  0.00838451666996671  0.01512367834149795
  0.02253667487445895  0.03026641237508827  0.03924421077699786  0.04871866981086478
  0.05799901266286353  0.06730134973284008  0.07703094249066496  0.08700692387292952
  0.09692060999010711  0.10709410738663565  0.11737696979235179  0.12749602672811366
  0.13755289666604870  0.14844662053334179  0.15988703700095791  0.17114823204461832
  0.18115615648006653  0.18886954630991798  0.19621054168193683  0.20367789360546534
  0.21268516622293604  0.22268604528460778  0.23157940985027406  0.24049668897188486
  0.24983677844017055  0.26117834028345305  0.27038548045706101  0.27926399085684661
  0.28820399936544777  0.29859368212349702  0.31012390571706250  0.32285752308255561
  0.33507222392362629  0.34653061419360548  0.35776191538453789  0.36880204582168813
  0.37914059163392655  0.38701767706096224  0.39474752615825615  0.40097554276143871
  0.40763063148333090  0.41457840557566017  0.42092972775000126  0.42669379363616672
  0.43263413144876184  0.43934284904985987  0.44876597391063588  0.45959394702920214
  0.47056661138242667  0.48239387726785632  0.48955437814101549  0.49570291838372538
  0.50115535570214498  0.50606377281657089  0.51115691926772233  0.51876547522212069
  0.52748470731537023  0.53789866831745792  0.54843496306679174  0.56026001456079577
  0.57194998520146600  0.58475068921559958  0.59790261022299840  0.61066754618040153
  0.62293838500098286  0.63456966384453084  0.64512011714974038  0.65725972518626796
  0.66904867840634741  0.68134872312932759  0.69493675591073778  0.70910378481819969
  0.72286622591275251  0.73601798489384329  0.74904630808726014  0.76205829159419380
  0.77453250775774807  0.78889418628018027  0.80475060661983810  0.82100157306171173
  0.83771012275630463  0.85463523171836497  0.87129150729063642  0.88753438355357817
  0.90356944929090910  0.91917852317172510  0.93384683981012329  0.94801349606719165
  0.96157953538153351  0.97477364097844243  0.98769666655579103  1.00000000000000000
 -0.00227392499583573  0.00348002185583869  0.00922953161331088  0.01487618318375033
  0.02165077397787158  0.03269572878534128  0.04246935819636351  0.05214583612152567
  0.06210644920641698  0.07288353498264970  0.08447353794063019  0.09655492732652840
  0.10938757015287381  0.12042851168580010  0.12798812923094807  0.13481090096576315
  0.14154761380836262  0.14722027091105908  0.15433221723700188  0.16499531460106581
  0.17608939202394078  0.18750632934852779  0.19600758096650253  0.20431660724019088
  0.21215042592396555  0.22073407679131191  0.23206971989638878  0.24362637340641169
  0.25489289746949911  0.26434444664916623  0.27418494058796616  0.28484718231876499
  0.29700240560572194  0.31079411553241310  0.32497657477501030  0.33864566469891100
  0.35139667777822764  0.36328521819672327  0.37487634551561472  0.38604072550121127
  0.39704644653446164  0.40908496695580643  0.42173507491666506  0.43495580128250610
  0.44786488575496247  0.46105738763915599  0.47499945287940232  0.48858750252773925
  0.50181598029501140  0.51525314223597074  0.52882123584155549  0.54155343016252144
  0.55264046844123327  0.56388391190961817  0.57408047701904141  0.58425545801516665
  0.59462658331189755  0.60530066139986194  0.61696757429965909  0.62913934922248138
  0.63940998108872971  0.64984264658799040  0.65913707328521765  0.66906463043129860
  0.67969314285224414  0.69104249609344348  0.70401606245891601  0.71706295409737175
  0.72946496263369420  0.74216052861406623  0.75466181987273306  0.76722257327745047
  0.77920862275134806  0.79090517086809176  0.80143631326790810  0.81190334536591913
  0.82264228931744621  0.83403605121957802  0.84454232099474202  0.85409010530203744
  0.86161566810555457  0.86943011644566504  0.87662532465854981  0.88222206423743577
  0.88880096860676649  0.89671424203971484  0.90656315055480030  0.91887264112646028
  0.92971396811441365  0.93879357276887831  0.94697314361106633  0.95556760319359790
  0.96540981067926335  0.97624767263587309  0.98836811666734492  1.00000000000000000
 -0.00238882334571460  0.01106505993578766  0.02245696389135765  0.03462905834410956
  0.04783772179113274  0.06176052593475245  0.07413148119659793  0.08402812579154455
  0.09327868909826975  0.10358607592342617  0.11584940103074302  0.12878493276985259
  0.14165430105048771  0.15347380941459232  0.16383045013900380  0.17426476788411530
  0.18509121943740356  0.19573403837814179  0.20723124915290927  0.21751698713433870
  0.22766741408350588  0.23847979827397700  0.24831419458898046  0.25758114392478187
  0.26710405360995543  0.27765804561145041  0.28888144122638060  0.30009123498613388
  0.31122779894495689  0.32204315342132833  0.33267258395955990  0.34198897534540684
  0.35004714136898424  0.35811152372941502  0.36647936111401858  0.37360671563597420
  0.38041037873032574  0.38716113361649368  0.39376113200296092  0.40022506843061534
  0.41057950758744172  0.42121120934125411  0.43253391477425196  0.44366996622147953
  0.45509807066612157  0.46367278076847979  0.47154854164014404  0.47892498161445818
  0.48874321903300555  0.49939350181136455  0.50870985023222348  0.51442726238369296
  0.52081461434038978  0.52734193966392218  0.53408829761425813  0.54122499854976025
  0.55081381342264968  0.56060614702007938  0.57039089219970296  0.58120523123092316
  0.59243126536658297  0.60491526822274011  0.61678626232734846  0.62898972416238863
  0.64164074736809296  0.65376172137740873  0.66461076408171849  0.67476854055714541
  0.68388228200576795  0.69206793154283308  0.70040523284390255  0.70895876261244761
  0.71827385285118550  0.73017182411635695  0.74215354660821564  0.75445425175801373
  0.76766441814039499  0.78089010389200031  0.79353862944622333  0.80601232484196861
  0.81819440664525911  0.83010404289129158  0.84185747693088042  0.85399426779748711
  0.86625652661020336  0.87704797701261283  0.88751644210033320  0.89930702763506676
  0.91287709318771548  0.92644772369315331  0.93970630225396934  0.95151283146731946
  0.96240658741471885  0.97375878963001650  0.98653554017254452  1.00000000000000000
 -0.00297175568937941  0.01251410000606394  0.02309189768720429  0.03426211447264406
  0.04615427837139716  0.05832517644231461  0.06946663828007062  0.07961159369537738
  0.08894347818450368  0.09771579995611439  0.10698855363264714  0.11552191731587827
  0.12480414452085879  0.13409151796759991  0.14391893021886598  0.15505276342618979
  0.16708130818644806  0.17862880602253628  0.18973310885180161  0.20025080066761067
  0.21054161648027442  0.22137250843751247  0.23290247961936350  0.24420323554780393
  0.25313024118156985  0.26139633276984447  0.27004316348126578  0.27974330951746201
  0.29097250951001863  0.30236038917199143  0.31342211485930277  0.32430903153250068
  0.33674264930828640  0.34822702154965768  0.35849763390566186  0.36836801091398685
  0.37587260107439546  0.38367179484961794  0.39200502288586103  0.40108758693665497
  0.41309164822685857  0.42487225488681224  0.43508399835968165  0.44327231117653726
  0.44926390566606450  0.45573882948804423  0.46246121522047567  0.46953858658087028
  0.48026379744515990  0.49387275555445709  0.50680703279767447  0.51904903239091305
  0.53117849034884557  0.54311699534206426  0.55426735862366228  0.56511367503642462
  0.57568879585436405  0.58723421112484708  0.59914996963147615  0.61206063649375420
  0.62593075048197866  0.63880536243569253  0.65183998348292582  0.66310952985943394
  0.67435711599625847  0.68343016579246973  0.68993070888338015  0.69598049039738874
  0.70199422014030377  0.70716589803953045  0.71613907177902691  0.72785547636539705
  0.73928314055835753  0.75089910842376084  0.76290838405920913  0.77454833583166649
  0.78564557966243176  0.79666706782321450  0.80791813586026662  0.81787723890524666
  0.82616516203007828  0.83479274576425022  0.84442379244709065  0.85615895466124281
  0.86823442047218902  0.87936120989608391  0.89140908671964403  0.90360252681409248
  0.91571219629874812  0.92949488209705611  0.94206800751673014  0.95312822841066769
  0.96396908990093644  0.97523350343325710  0.98719574935238508  1.00000000000000000
 -0.03337450815835318  0.18238516038952815  0.26355229003741271  0.32160667873364795
  0.37615990018885759  0.42006222335977267  0.44434673184984552  0.45807038766147035
  0.46536445644234753  0.47172147410363463  0.47798037521849002  0.48442233880702745
  0.49291946994449953  0.50094346208753582  0.50798537279841816  0.51426568132378869
  0.51994909697235803  0.52477280298831441  0.52924648819792275  0.53222803034931176
  0.53504126778490202  0.53760673367461365  0.54004439494281353  0.54267230605467842
  0.54671279288450769  0.55016449436442472  0.55292299829484071  0.55575794685604474
  0.55856419379218181  0.56168311703671847  0.56531927709175500  0.56859026080875885
  0.57157785644705783  0.57448849565445470  0.57731537484098638  0.58021680837805434
  0.58346488219020931  0.58652502783786897  0.58975548613471074  0.59305149643284694
  0.59641293793402694  0.59976911903994423  0.60308569952190016  0.60644763615270625
  0.60962397507320465  0.61251810280471120  0.61549118563271998  0.61854996342451729
  0.62148437896514663  0.62488345832770920  0.62854939909293617  0.63246720846461590
  0.63660951776021346  0.64080104680443217  0.64515214189854531  0.64975695472768580
  0.65471114948480180  0.66034884255697412  0.66619305101919790  0.67153045628525565
  0.67657138429904484  0.68125416278805728  0.68536840952012557  0.68945341034278707
  0.69377597133940938  0.69860594800641673  0.70583135100292083  0.71215692140782705
  0.71776987465019360  0.72347544935086672  0.72963598998743195  0.73602791407395318
  0.74211579586856369  0.74830070146997030  0.75504697576075930  0.76196521822337804
  0.76874558204583254  0.77546351468562968  0.78234912304925941  0.79001601260307774
  0.79822810057679872  0.80638061697404806  0.81514377823399398  0.82440534650840391
  0.83475585709881139  0.84302833542915712  0.85105378477100968  0.85883625607757252
  0.86669346179309692  0.87527203966075251  0.88489281350509297  0.89538362321073650
  0.90754462604766961  0.92327347166081442  0.94689390737814605  1.00000000000000000
 -0.03059007181207405  0.13859547005610234  0.17664111102432131  0.19774749583346590
  0.21423150058731927  0.22451637614862324  0.23273693914080978  0.24091474115687317
  0.24845092816834768  0.25794518470357675  0.26981086823798706  0.28050577033081397
  0.29011190673135112  0.29568572115004332  0.30021121283209973  0.30473117085273571
  0.30936626518055343  0.31499451952965235  0.32312141513713782  0.33264247159503602
  0.34060589490117160  0.34709796166386925  0.35328466108448281  0.35945333216006498
  0.36619269069594795  0.37326836208733571  0.37981444410560228  0.38590481998641751
  0.39209360562661982  0.39765211966178471  0.40242972450496589  0.40678481314085974
  0.41121743975901642  0.41651437045261319  0.42222768585967924  0.42790273091044395
  0.43263046189982146  0.43598072754462153  0.43944044854369940  0.44296332916250053
  0.44659597881589014  0.45165306651596338  0.45736552076474773  0.46304462761428461
  0.46866964867720123  0.47421517599865470  0.47956904300048270  0.48476695448927398
  0.48981417074633865  0.49488089665876184  0.50025115334902570  0.50577810560305669
  0.51083324114330420  0.51535280473877021  0.51952026868522716  0.52383309984251614
  0.52884774868931128  0.53393909873520418  0.53930536470633816  0.54490547329270422
  0.55101718032882741  0.55741758629135618  0.56373123480429455  0.57010304113194177
  0.57655311734257708  0.58286933303485466  0.58939545583146347  0.59576812284035274
  0.60257040424865338  0.60980148034792392  0.61660691137003809  0.62325100781439058
  0.62930153351188001  0.63512687853931471  0.64103109294922778  0.64679988169552016
  0.65253698474376198  0.65867090711069776  0.66508842593580053  0.67276439006879996
  0.68102433029488729  0.68942402770764766  0.69734129230890041  0.70535548112803625
  0.71359369398246519  0.72140715987842685  0.72986312798672504  0.73837414506406140
  0.74874985121955440  0.75888092777907756  0.76960279618382710  0.78159323127429059
  0.79723917385409959  0.82098820865876532  0.86103668954959012  1.00000000000000000
   1.5687056634100001E-011   1.1169190000000001E-005
  <DiscreteSampler_grid>
  Helicity
  1 # 1 for a reference and 2 for a running grid.
  80 # Attribute 'min_bin_probing_points' of the grid.
  1 # Attribute 'grid_mode' of the grid. 1=='default',2=='initialization'
  0.0300000000000000 # Attribute 'small_contrib_threshold' of the grid.
  0.3330000000000000 # Attribute 'damping_power' of the grid.
 # binID   n_entries weight   weight_sqr   abs_weight
    1   18410   7.520916182962660E-011   5.036242623885596E-019   7.520916182962660E-011
    2   919   1.054416836735141E-011   3.442008839309495E-021   1.054416836735141E-011
    3   2758   2.698587639333860E-011   1.015018304006709E-019   2.698587639333860E-011
    4   18739   7.680042656795694E-011   3.951550859671732E-019   7.680042656795694E-011
  </DiscreteSampler_grid>
  <DiscreteSampler_grid>
  grouped_processes
  1 # 1 for a reference and 2 for a running grid.
  10 # Attribute 'min_bin_probing_points' of the grid.
  1 # Attribute 'grid_mode' of the grid. 1=='default',2=='initialization'
  0.0300000000000000 # Attribute 'small_contrib_threshold' of the grid.
  0.3330000000000000 # Attribute 'damping_power' of the grid.
 # binID   n_entries weight   weight_sqr   abs_weight
    16   10   6.081914722540000E-004   1.528567613230000E-006   6.081914722540000E-004
    22   10   6.081914722540000E-004   1.528567613230000E-006   6.081914722540000E-004
    10   10   6.081914722540000E-004   1.528567613230000E-006   6.081914722540000E-004
  </DiscreteSampler_grid>
