  0.00033683641513822  0.00034545328412903  0.00035220307954261  0.00035833697975223
  0.00036379388406092  0.00036870127349167  0.00037309556645223  0.00037709862266349
  0.00038085966762292  0.00038444283930056  0.00038782856677968  0.00039101827324138
  0.00039409125444647  0.00039714123830907  0.00040017864046309  0.00040319547625010
  0.00040618700682643  0.00040906878019385  0.00041182770955943  0.00041453607591786
  0.00041721883144233  0.00041989307298972  0.00042260214479544  0.00042534932474987
  0.00042810295980062  0.00043085200926976  0.00043364063087696  0.00043643860904030
  0.00043924706176673  0.00044203662796627  0.00044479780367404  0.00044758432648246
  0.00045042503603703  0.00045331720111130  0.00045622794499623  0.00045917264420834
  0.00046208431098255  0.00046504828559939  0.00046799157002751  0.00047092372432323
  0.00047382625452728  0.00047672054565042  0.00047962792805344  0.00048255824013682
  0.00048552345488563  0.00048847135121496  0.00049136664896403  0.00049450160185219
  0.00049757623803456  0.00050074067769690  0.00050390989167914  0.00050705583641843
  0.00051021503010458  0.00051339903564276  0.00051658211901373  0.00051973461302948
  0.00052280914978071  0.00052592489303919  0.00052903659918539  0.00053224835931059
  0.00053551229460433  0.00053896008980958  0.00054261560023050  0.00054634528458367
  0.00055007072032895  0.00055382968820197  0.00055764585448234  0.00056156889301885
  0.00056566021443510  0.00056985374806504  0.00057415019309502  0.00057841930458023
  0.00058276212143057  0.00058713925179855  0.00059152543071138  0.00059585286386309
  0.00060028634646426  0.00060453376811218  0.00060881889021781  0.00061332243108635
  0.00061778274370194  0.00062195757893687  0.00062596833927450  0.00063016374276781
  0.00063466559859894  0.00063954599724762  0.00064497195397659  0.00065053025984300
  0.00065492483848065  0.00066287061507876  0.00066871574878462  0.00067338850580345
  0.00067899949654668  0.00069354712124017  0.00070031321032154  1.00000000000000000
 -0.00248286056577813  0.00947409211676626  0.01909838144564899  0.02960833876472613
  0.04046079720905485  0.05150254980436201  0.06240194614023783  0.07302983377647655
  0.08370264460537097  0.09448209752670206  0.10499611014037492  0.11544650644047982
  0.12587114948920539  0.13637393804530104  0.14691112894774469  0.15761222497487826
  0.16805962037656749  0.17835323288961347  0.18832181155193403  0.19853977909460899
  0.20870461598980605  0.21939489363735964  0.23018925949412702  0.24125167284964000
  0.25228470098394268  0.26327905304930677  0.27388568163843330  0.28434966668297595
  0.29466667942587105  0.30519277425506186  0.31564217893830487  0.32616760763100117
  0.33681353829730809  0.34747155674966873  0.35802107098468694  0.36838867984617091
  0.37886689186523737  0.38966754828866346  0.40039313244957292  0.41122797950661710
  0.42169516644634958  0.43223109200702725  0.44256162369367824  0.45291872960536234
  0.46327416980816283  0.47380373772856943  0.48458159058093742  0.49565620027157076
  0.50664608935307653  0.51744807862412845  0.52813140236861955  0.53876880126972648
  0.54955693165883168  0.56033503420985575  0.57105467251931963  0.58194402732827555
  0.59234505566875506  0.60277393627523734  0.61311694950165019  0.62347277076822283
  0.63389791287970132  0.64431464547190009  0.65499498700551473  0.66586195079484389
  0.67665338382652829  0.68766701163900268  0.69834208181902635  0.70888283648557116
  0.71916839652019637  0.72958187046375800  0.74009962364417636  0.75064456346066011
  0.76118398585913349  0.77148586593604651  0.78156354597096500  0.79177485724260177
  0.80236102861398506  0.81308011870872943  0.82365555088997289  0.83423465148384923
  0.84477778388824143  0.85536139638082798  0.86569891627436601  0.87584127755085650
  0.88583904660261470  0.89597088377650747  0.90631460214357351  0.91685428305975236
  0.92731757564634121  0.93809323326369565  0.94864517008699512  0.95914092211384794
  0.96947168983089771  0.97960569285912003  0.98981736269496445  1.00000000000000000
 -0.00274089936011741  0.01078377008728119  0.02096022909854297  0.03168408280336703
  0.04236956612715290  0.05264067444225989  0.06288630842332502  0.07297756747320791
  0.08302290666601185  0.09284892609055093  0.10262210526629865  0.11279768548254836
  0.12356485371266465  0.13452919318017453  0.14577138968930614  0.15657945226925149
  0.16745872133618606  0.17800048753775102  0.18860157087563154  0.19888353828989200
  0.20901646161064635  0.21921409204493059  0.22943120230237252  0.23986797069073729
  0.25000792637410280  0.26035401607617964  0.27032160755012469  0.28074068317299128
  0.29142905796577157  0.30244898806405429  0.31338292424361780  0.32414246434867522
  0.33499429147892146  0.34595603740334052  0.35705865975405027  0.36797204918815202
  0.37901946993602453  0.38969578469017002  0.40049602550533442  0.41104406953275163
  0.42166399273005056  0.43221956835423692  0.44293058608410507  0.45394394655021758
  0.46509933238621426  0.47613087377750635  0.48656359145705386  0.49688688817748144
  0.50753880525080197  0.51807825318245082  0.52849282859797020  0.53869887540682482
  0.54934350782439079  0.55997977018396705  0.57049642417825597  0.58071340374142799
  0.59090481760205149  0.60127465780523226  0.61179994753236167  0.62222253817101647
  0.63250084981147991  0.64267422353457759  0.65321599156371879  0.66399221720330881
  0.67477555168713421  0.68548948485212335  0.69617789126004526  0.70709158404959938
  0.71789449428860852  0.72811514340535466  0.73865767148857109  0.74912570327044226
  0.76022854478093060  0.77123025171943971  0.78215686244110039  0.79280220103204813
  0.80291695362984328  0.81310504144339191  0.82367975359434931  0.83426102877688768
  0.84462474630816997  0.85477402890536081  0.86511724555267711  0.87563414202880763
  0.88619432672936582  0.89674072359069046  0.90735244545280103  0.91779189333171718
  0.92804745595906435  0.93803293435685864  0.94794077442322044  0.95767969792900365
  0.96771821418362647  0.97800608207853656  0.98888603714388168  1.00000000000000000
 -0.00165696384034047  0.00964085810602398  0.01920659106010940  0.02960011541337923
  0.03988931445306984  0.05007584027919383  0.06020198005260499  0.07035386013668370
  0.08073438905728063  0.09109949350585862  0.10129803264205392  0.11172442238261934
  0.12223302890471292  0.13288989823689901  0.14341459227019671  0.15415675152589484
  0.16488606747595644  0.17533483867766517  0.18567102299676541  0.19619796953032748
  0.20676847579027691  0.21723045051278581  0.22749264659576088  0.23831146562175420
  0.24929878571661268  0.26019829752601753  0.27119693423318086  0.28211771065953467
  0.29310891793081439  0.30376347762916756  0.31449326441257286  0.32526105617987244
  0.33596161615255188  0.34637139513792187  0.35666132881470608  0.36704451896482221
  0.37756538730837119  0.38818398547184518  0.39853040950175417  0.40893383203908862
  0.41930109681047339  0.42949009655637538  0.43954030820811313  0.44936235766150362
  0.45939961013882152  0.46938251205731557  0.47929184748093340  0.48926650132302540
  0.49936839927870191  0.50956400831527071  0.51988227453401537  0.53048173023138556
  0.54124036707547851  0.55174033674482692  0.56181211796737052  0.57214226125089984
  0.58233623518800637  0.59239824242177674  0.60278626547442338  0.61360590856651298
  0.62464541548943264  0.63513581756620185  0.64535048916880033  0.65585231596502924
  0.66640775754450177  0.67763694470006586  0.68880434066708529  0.69968404601735723
  0.71036341376580714  0.72095334595948202  0.73152790552578217  0.74183283198150884
  0.75228658644772328  0.76284835285186325  0.77372518261279022  0.78463118203384408
  0.79549595108771776  0.80652754907724056  0.81794613216491541  0.82935333355948537
  0.84010850186345354  0.85024611764543445  0.86032244885419373  0.87062812398660938
  0.88135611589855078  0.89227123795080310  0.90290955581534149  0.91352008619787939
  0.92387187421378925  0.93455284008867867  0.94532316536732452  0.95615015395961733
  0.96686340845498830  0.97747167212716568  0.98860754202550882  1.00000000000000000
 -0.00225129014763959  0.00964435534833372  0.01954597877187365  0.03034581570435786
  0.04080459279162670  0.05128121594516147  0.06162751648991863  0.07230941539468212
  0.08288255356751070  0.09355204152249999  0.10397100678432727  0.11457058341554344
  0.12535032704771254  0.13615754760519519  0.14671304149024122  0.15717484194326367
  0.16780003325514745  0.17825953205374959  0.18859909551312315  0.19885607702102934
  0.20947905680189527  0.22023314047581888  0.23091981403768858  0.24143428082287391
  0.25182250682456608  0.26219971605125386  0.27247257022492066  0.28279634245954693
  0.29338915011823458  0.30404267699219739  0.31465461655757537  0.32508703376322956
  0.33565716343820623  0.34628365266621580  0.35693347215329657  0.36758056714591070
  0.37815035618159215  0.38880686571453382  0.39958247005749392  0.41059586983913254
  0.42171984461027212  0.43261987376948385  0.44351244341662349  0.45437390706876929
  0.46513047206058045  0.47560975041406506  0.48583046944562269  0.49595840623586773
  0.50616252964980335  0.51645847040826143  0.52668605764640031  0.53692967282909210
  0.54734541186548502  0.55803021771140870  0.56880666168167104  0.57963043777444356
  0.59019029617127206  0.60026962537604878  0.61020418189119696  0.62019954134449273
  0.63051481264300702  0.64107520874339474  0.65149090599597614  0.66219820128038231
  0.67278926969571407  0.68343524328296423  0.69396896846391165  0.70432511024965661
  0.71474412193466297  0.72510336195659220  0.73579542030997969  0.74621368854838455
  0.75634545307014878  0.76636739425059097  0.77693768766930982  0.78762007857543437
  0.79813077923808784  0.80851759374304089  0.81914326180668140  0.82994988333396091
  0.84045156979154090  0.85067752809259700  0.86094146109314806  0.87156401740751177
  0.88248922131980467  0.89372194233360891  0.90477888753200120  0.91557506198899863
  0.92602029160513222  0.93690776399589404  0.94754191033655966  0.95848886914720433
  0.96894038524754533  0.97941739583334841  0.98965033743109609  1.00000000000000000
  0.02568601744948849  0.03996342116131105  0.05203191482634366  0.06396969199874356
  0.07517821622063696  0.08627690429160598  0.09706492553008884  0.10742095857416921
  0.11745815308500455  0.12745738671998016  0.13770941053764979  0.14821662522979670
  0.15876043170835352  0.16904241443888401  0.17913286038548662  0.18913177585361776
  0.19896962089186707  0.20866627828588116  0.21844658277678541  0.22835125793277058
  0.23838124137025285  0.24839502240847292  0.25861706703475296  0.26897704210237183
  0.27935990355170326  0.28973282631077435  0.30001743482657350  0.31014789023526379
  0.32015706266623239  0.33007937417757394  0.33989145570217333  0.34969524820312614
  0.35963594500071777  0.36985213737148737  0.38026163430716076  0.39075401918252062
  0.40123696310900453  0.41162181158266165  0.42200128332911874  0.43235164180998770
  0.44264047832343068  0.45288263200645756  0.46297123806843321  0.47291860653853757
  0.48271750987413131  0.49249929039450385  0.50240374873224614  0.51249846942726784
  0.52278650102974999  0.53307248636999394  0.54327161288604520  0.55323460525838564
  0.56331421118515979  0.57355740095728058  0.58400019425211991  0.59446467797474389
  0.60479258119449131  0.61493990154339917  0.62488630861587058  0.63470102870635037
  0.64464817646109995  0.65503992563357505  0.66574460415633052  0.67642983999891515
  0.68692301796826793  0.69718353016096490  0.70755161840584291  0.71795864488670236
  0.72841264732812494  0.73869720331056099  0.74904348698387258  0.75962648810151367
  0.77020552110354223  0.78051707949513549  0.79065550654852490  0.80083555390341943
  0.81110377084369090  0.82137417897038856  0.83172023451204347  0.84205595762495777
  0.85221785624931135  0.86236856701077014  0.87263597069234522  0.88313168723508306
  0.89343952361693280  0.90359987020776300  0.91362999982293991  0.92365585679447615
  0.93353577036814117  0.94290598753197041  0.95158265733123870  0.95946583208865788
  0.96565447131336735  0.96707851137444112  0.96936863817302898  1.00000000000000000
 -0.01791731671897010  0.10982842505938907  0.14554959857469749  0.16819546481987194
  0.18606975061767395  0.20121557917333097  0.21434821631355680  0.22620383951024373
  0.23731152436155190  0.24783257558659288  0.25739443644125015  0.26648161661347286
  0.27508606412874786  0.28362887172423573  0.29201096367442503  0.30015576372074099
  0.30806659315099150  0.31561638572613487  0.32288986403259362  0.33013190307119566
  0.33731009524905092  0.34425334075422065  0.35097588067553731  0.35756436972737499
  0.36417530828277739  0.37075588437843343  0.37720431665395998  0.38352208638983781
  0.38975704429106783  0.39593855251903859  0.40195709648726585  0.40782603944650131
  0.41361948106963198  0.41938843333201542  0.42514579728208524  0.43092763686386920
  0.43661336345004448  0.44217002865790006  0.44774616217033303  0.45328635478930313
  0.45879204776532723  0.46429313202006317  0.46980301869788460  0.47532744223895801
  0.48085351314495378  0.48638541519499406  0.49179908498373226  0.49721555875866091
  0.50255962792261688  0.50796354514473263  0.51338235149273304  0.51880618183752891
  0.52424087237112793  0.52971291469022841  0.53527813093242838  0.54090353764242483
  0.54651159436430985  0.55210047824532793  0.55759098378279826  0.56311371690241985
  0.56879375863902004  0.57459159513626434  0.58049089595354764  0.58643189059925560
  0.59236463470233902  0.59831753348193262  0.60429902942685065  0.61033693078223561
  0.61649150009544884  0.62279441864007690  0.62923802283965191  0.63576706424137464
  0.64229257740468026  0.64890459250426602  0.65568551056316982  0.66249599919390223
  0.66954803436506838  0.67681380561018434  0.68419157580337964  0.69168325846309009
  0.69933644250993254  0.70722393385699911  0.71541456571471318  0.72401054706285495
  0.73299706910496121  0.74252724733633146  0.75231739950421284  0.76274368215679755
  0.77391167393948357  0.78609503380071455  0.79944275227323547  0.81436125466114329
  0.83168314156655143  0.85382895454196317  0.88954620566330478  1.00000000000000000
   1.4335682921300001E-011   1.3694575423700000E-008
  <DiscreteSampler_grid>
  Helicity
  1 # 1 for a reference and 2 for a running grid.
  80 # Attribute 'min_bin_probing_points' of the grid.
  1 # Attribute 'grid_mode' of the grid. 1=='default',2=='initialization'
  0.0300000000000000 # Attribute 'small_contrib_threshold' of the grid.
  0.3330000000000000 # Attribute 'damping_power' of the grid.
 # binID   n_entries weight   weight_sqr   abs_weight
    1   4270   6.320711087776168E-011   9.488380224398713E-021   6.320711087776168E-011
    2   86   2.017108853345053E-014   7.446803548369964E-027   2.017108853345053E-014
    3   83   5.883487816807196E-015   2.034955414847250E-027   5.883487816807196E-015
    4   4390   6.400192277270951E-011   9.917771672845443E-021   6.400192277270951E-011
  </DiscreteSampler_grid>
  <DiscreteSampler_grid>
  grouped_processes
  1 # 1 for a reference and 2 for a running grid.
  10 # Attribute 'min_bin_probing_points' of the grid.
  1 # Attribute 'grid_mode' of the grid. 1=='default',2=='initialization'
  0.0300000000000000 # Attribute 'small_contrib_threshold' of the grid.
  0.3330000000000000 # Attribute 'damping_power' of the grid.
 # binID   n_entries weight   weight_sqr   abs_weight
    16   10   5.444909615810000E-003   3.901657759700000E-005   5.444909615810000E-003
    22   10   5.444909615810000E-003   3.901657759700000E-005   5.444909615810000E-003
    10   10   5.444909615810000E-003   3.901657759700000E-005   5.444909615810000E-003
  </DiscreteSampler_grid>
