  0.00033716974759655  0.00034305718100688  0.00034718306226510  0.00035038747086935
  0.00035305229682529  0.00035555809298415  0.00035796736549516  0.00036024203857073
  0.00036225523207039  0.00036399558778982  0.00036544547754483  0.00036663351719314
  0.00036763329945018  0.00036846281054212  0.00036908554994675  0.00036957442721395
  0.00037002444821161  0.00037044953349445  0.00037076525235430  0.00037105492333697
  0.00037130683146409  0.00037156333776993  0.00037180833554203  0.00037201718429921
  0.00037223115236108  0.00037245433555210  0.00037269459443452  0.00037298063466991
  0.00037521610776181  0.00037546893343261  0.00037567353133408  0.00037587812923555
  0.00037606640588135  0.00037625356004883  0.00037646107617321  0.00037668240730826
  0.00037692289519213  0.00037717818447470  0.00037746115361039  0.00037775710611985
  0.00037807151005506  0.00037839549258042  0.00037875872739965  0.00037916893723156
  0.00037985121474582  0.00038054625938733  0.00038123769717483  0.00038215831413628
  0.00038317453731990  0.00038431906196527  0.00038559172979285  0.00038694746550332
  0.00038847129140130  0.00039012923461525  0.00039211744970456  0.00039455953642748
  0.00039701068997577  0.00039942843962364  0.00040192604031526  0.00040475829993153
  0.00040821035055598  0.00041175156987445  0.00041527603483842  0.00041898810909227
  0.00042370495003142  0.00042873075965901  0.00043381905012443  0.00043809607292771
  0.00044113058983395  0.00044430543120258  0.00044817597290142  0.00046161126311366
  0.00047506498966690  0.00049020382328413  0.00050823541867770  0.00052788257630255
  0.00054147490105944  0.00055806058418773  0.00057751420012430  0.00059839976616000
  0.00061884341370274  0.00063679765484202  0.00065704195716684  0.00068116143469318
  0.00071724743635725  0.00077152786736672  0.00080363921779010  0.00083053206570403
  0.00086196310524084  0.00089447912223315  0.00093351369177480  0.00097420251523696
  0.00112192208768738  0.00153851412888323  0.00190431597662795  1.00000000000000000
 -0.00010146419706886  0.00100492473927326  0.00208044396738475  0.00344287951898593
  0.00552625533146520  0.00786109115152906  0.01020856524325487  0.01357038038523785
  0.01752975501939164  0.02083727559366440  0.02431729546717961  0.02959878899941768
  0.03531034815651463  0.04050258027287257  0.04589786299587714  0.05089716810914294
  0.05578881304932969  0.06094059144961122  0.06667688826190256  0.07367476837982634
  0.08164302653127044  0.09022529161910371  0.09849586724640765  0.10691555704071845
  0.11528815604416529  0.12276491535691710  0.13065053722641573  0.13984413979087307
  0.15108774009526871  0.16274406886268589  0.17374543386176083  0.18355736063736464
  0.19325875967757031  0.20319582986776638  0.21324926134698707  0.22474492144884814
  0.23872946768226458  0.25396467621012281  0.26798967290519760  0.27913975367336025
  0.28843069347775713  0.29776809895786926  0.30645351832704082  0.31722311576200990
  0.32935055621114451  0.34314388282189640  0.36049981885230026  0.37558809151087996
  0.38992119714429113  0.40342720423160494  0.41620881035378093  0.42706901709548711
  0.43741065644784727  0.44744767066430091  0.45770431935835221  0.47181931547049610
  0.48828737765920582  0.50557905296849126  0.52324724559205427  0.53955260465589205
  0.55335588029627558  0.56698113834456143  0.57971207600884711  0.59338445727179867
  0.60838947636758767  0.62406779028253045  0.63763617330280831  0.64709705897636849
  0.65580180003304445  0.66696114323647127  0.67871734877544143  0.69120453677228788
  0.70268838183491045  0.71247877556111594  0.72662933974820132  0.74172580980531710
  0.75795564483737354  0.77605496954838071  0.79374441677110719  0.81072815346752469
  0.82510171088144790  0.83842183942259429  0.85061053437069611  0.86190501068651104
  0.87298310941562485  0.88192615973337529  0.89047603769634565  0.89962867272226255
  0.91001683237640785  0.92117002268797876  0.93235422009529045  0.94364805350674841
  0.95560515582357630  0.96827693762881040  0.98352876719626070  1.00000000000000000
 -0.00252845789653678  0.01504133913436410  0.02823631704771746  0.03952051456893112
  0.05079221220932058  0.06317701210997795  0.07802035670734569  0.09353631112332164
  0.10745670597920406  0.11897683622537462  0.13002377440885873  0.13962448382860371
  0.14890404404323240  0.15751520771212293  0.16490318389365127  0.17172155304716780
  0.17838115933994494  0.18617739174378950  0.19424463398365308  0.20375786748286881
  0.21527007350512656  0.22676544895205225  0.23814120077783871  0.24803199147842092
  0.25835519663374212  0.26853713276168051  0.28139532649270771  0.29055781657142610
  0.29583733864879785  0.29988729431697747  0.30458570323073303  0.31162527546541025
  0.32037325404102712  0.32768431013442278  0.33183270543521143  0.33501646284994752
  0.33829196106974235  0.34144923998219634  0.34714687852691356  0.35591304259618339
  0.36797618510180335  0.38065342886620590  0.39291686176114199  0.40476840685698168
  0.41613750607975680  0.42687560019341947  0.43914616927582406  0.45138857180636072
  0.46312972129109453  0.47502502243002592  0.48516711933995976  0.49399504510856990
  0.50244659471202968  0.51122186769560840  0.52086609825446584  0.53175894685960368
  0.54727420174428565  0.56378739938843536  0.57991225401753788  0.59574660247976130
  0.61066688286438875  0.62400100685788595  0.63610806223143035  0.64626745081316606
  0.65586959158986291  0.66570162996796112  0.67410950240905421  0.68382445752469478
  0.69419376207258432  0.70726337614029611  0.71872497199520824  0.72930456086196171
  0.73919830195856584  0.74987161784842582  0.76004949898370910  0.77146135788787973
  0.78660920532802103  0.80064989112330209  0.81398101870571948  0.82594479839455237
  0.83891888322541419  0.85147951632923946  0.86330998542314208  0.87467766093076094
  0.88560618438340388  0.89762495866225400  0.91082682277901783  0.92485752850387104
  0.93815630799513627  0.94885316388446528  0.95862632010275450  0.96761248022462865
  0.97652456610879546  0.98438180734739489  0.99154356830179857  1.00000000000000000
 -0.00417252510860055  0.02029200177574811  0.03880468758298350  0.05297624992699643
  0.06628439194869794  0.07886097077280824  0.09065738692101323  0.10395740366118908
  0.11600507852748465  0.12925149722691809  0.14280290318311178  0.15309802211962922
  0.16335740925538958  0.17264505207225234  0.18318978357457213  0.19354283711460427
  0.20342682280911217  0.21383630911638490  0.22568757799131550  0.23728410606227879
  0.24856098927524772  0.26077881351234850  0.27005895651797945  0.27788464650013800
  0.28575044152147339  0.29445051498769143  0.30305327836632523  0.31011026010336851
  0.31720788212473461  0.32336959565309881  0.32777147453982419  0.33330224435931594
  0.33911805441122456  0.35071188821618160  0.36111008436682540  0.37042555813309846
  0.37886450574048663  0.38666508262928806  0.39460810103983812  0.40299920476631779
  0.41502135815685653  0.42676816316742094  0.43922014238653112  0.45233397144206305
  0.46553285190966037  0.47854012709373012  0.49078368509827008  0.50211723983563217
  0.51138399162170400  0.52163746629705632  0.53147040970426573  0.54076404865532568
  0.54928479549303733  0.55764748628486727  0.56965286440950902  0.58172335980504530
  0.59089690624021884  0.59950438019908103  0.60781770131473456  0.61847945062616305
  0.62938101291562498  0.63681836363356226  0.64389545023579953  0.65104694537121011
  0.65840778773130970  0.66767544869189444  0.68286598627171080  0.69756418349490124
  0.70963482203101735  0.72132301584909220  0.73283024292860122  0.74416685489985168
  0.75584757302820138  0.76812701901636415  0.78058708475342942  0.79273705186382082
  0.80153608149098943  0.81010653439392899  0.81933502198662045  0.82787635515349955
  0.83540596754764640  0.84297069731830310  0.85151433534391463  0.86107646406341487
  0.87183181478390781  0.88310769355525032  0.89451259999245381  0.90500266077476110
  0.91501493509428244  0.92485540073675687  0.93609216770771986  0.94752738910921597
  0.96019455072486426  0.97265294692026949  0.98628985485056708  1.00000000000000000
 -0.00234873867844769  0.01013849346894806  0.02099210493062346  0.03199431712465006
  0.04153152272176148  0.05377958016900508  0.06611828191759435  0.07860527186694341
  0.09308080815357334  0.10878013259414333  0.12308278282985989  0.13730535112827358
  0.14881761692209963  0.16126946603475525  0.17420716666192579  0.18647132615557091
  0.19722859959217418  0.20764272938216868  0.21890640465045536  0.23053499199796873
  0.24027913151441727  0.24952896383425546  0.25700014906187668  0.26266664163734660
  0.26812468318781985  0.27480424199906556  0.28186509259689602  0.29185899995629389
  0.30298143789675108  0.31437601915012842  0.32549918803361544  0.33721810014255654
  0.34959378976064087  0.36227570041853152  0.37185020628722970  0.37832213474557208
  0.38378042232555920  0.38916541028824775  0.39399215869624415  0.39980918083785283
  0.40814538267628786  0.41735586740043173  0.43042001280773484  0.44562780648794903
  0.46079735441115394  0.47304739786641387  0.48373737909383591  0.49435615141013411
  0.50557067642216547  0.51889288018569890  0.53502665567049301  0.55115453056334207
  0.56599530647981189  0.58056099649677639  0.59595495937944620  0.61027312993965743
  0.62287536865267012  0.63432030017735463  0.64452428686317853  0.65371244611550605
  0.66242692037322726  0.67106385930170021  0.68241157395615537  0.69146759334284313
  0.69970859794643170  0.70724334217845575  0.71346080582058680  0.72210343355592932
  0.73258074941155948  0.74377693890402896  0.75536375568866831  0.76697385902239712
  0.77819025237249428  0.78975377734752694  0.80337962793707085  0.81854784706655315
  0.83321064582240989  0.84861371069836944  0.86431367998061104  0.87815214524012219
  0.88897673640793762  0.89984325037416923  0.91129181075086196  0.92268416894360450
  0.93437923347491370  0.94144772070372873  0.94679501527624910  0.95359629729743278
  0.96090962285235271  0.96697789912471754  0.97201462022284835  0.97730475429337782
  0.98274597309660205  0.98830662747700626  0.99402349963567371  1.00000000000000000
 -0.00719649037467049  0.04371685574038184  0.06008276190113441  0.07057868312719667
  0.07891503181233510  0.08696028645443506  0.09443588153361433  0.10109379048112291
  0.10667489626578190  0.11070524572278005  0.11508650082273947  0.11978009941724369
  0.12473118955692687  0.12976884174488157  0.13392769617002490  0.13699220051637701
  0.13995961436757121  0.14293724721213366  0.14597504384415091  0.14940695676105967
  0.15454743540920796  0.15894805771877751  0.16273191236769441  0.16712656039050053
  0.17199317018827454  0.17754156080987740  0.18307427129180776  0.18828859496834208
  0.19369204569943785  0.19813955904447492  0.20279012132875099  0.20764459543304031
  0.21248639415782700  0.21667069129432634  0.22102629857570735  0.22620715722552454
  0.23056030022914453  0.23405020699517110  0.23813420838751820  0.24185156703316182
  0.24542525285174821  0.24935544188794301  0.25325666800123869  0.25648970206354832
  0.25930727521451402  0.26208934712765042  0.26548422030676677  0.26969159757250466
  0.27342667749321486  0.27654285169979820  0.27942344801115115  0.28272149946062081
  0.28663276470978222  0.29092863574492200  0.29887629976638630  0.30799880288925086
  0.31776738418156092  0.32747827201226282  0.33614522627856047  0.34485608017807107
  0.35373755498228515  0.36342484668022396  0.37252717857491746  0.38237386540187901
  0.39326670030966576  0.40520622496692177  0.41758850350896826  0.43084384207759063
  0.44319305725894986  0.45475371893244854  0.46462005287412206  0.47431401467154338
  0.48319589207921809  0.49242480707815006  0.50314039559786772  0.51430428519619176
  0.52651351426119508  0.53440471615745999  0.54286250361641386  0.55226704244089564
  0.56406174248495300  0.57934910990517929  0.58873177452529324  0.59691849219331272
  0.60617516908620239  0.61679155065840530  0.63572984522720022  0.66140010641959812
  0.68832604767122163  0.71467116543194609  0.73565964361347869  0.75816125656807665
  0.79000753630053422  0.82864875258499349  0.88297525900203888  1.00000000000000000
 -0.01714306334000742  0.11026497321700468  0.14461677419242872  0.16759385686585768
  0.18706383293332174  0.20422139521436075  0.21834791412277005  0.22977499076938029
  0.23991859815986635  0.24906665855911547  0.25812152429768315  0.26749754697514161
  0.27732189990564998  0.28865135890782573  0.30073847853270896  0.31216275643832897
  0.32162420185926416  0.32950399760984439  0.33611813178840122  0.34166652177215073
  0.34726605441347103  0.35307335153394104  0.35968881595557511  0.36674732827460166
  0.37366314677644286  0.37961661659747759  0.38484590019311016  0.38997451389105930
  0.39484220201548625  0.40028445750948366  0.40642443268886125  0.41334439330796191
  0.42058979459065227  0.42728970222225277  0.43405626450369328  0.44211382676236888
  0.45094441502571253  0.45817968202581405  0.46269874150509960  0.46589897345425074
  0.46943077902468222  0.47371852359707906  0.47928331088332127  0.48494159987305219
  0.49009646086567771  0.49488915646670933  0.49980161244616705  0.50491836230997311
  0.50939994083130902  0.51361312032883877  0.51782874178977756  0.52298459193411584
  0.52898804813663625  0.53472900887984176  0.53941416722661695  0.54449056775888482
  0.54984754454671314  0.55549455840699469  0.56301905804093910  0.57126516342437861
  0.57678793347356005  0.58216192541603606  0.58714516358764091  0.59191288593618041
  0.59668328108409696  0.60191381965861779  0.60721523449196046  0.61225628556024980
  0.61753355471546434  0.62345153574196310  0.63102745436269858  0.64024142164707643
  0.64983737417582088  0.65940836974474304  0.66874396958356908  0.67807053437538300
  0.68788466855800379  0.69812161957846497  0.70827206892452466  0.71850849633863778
  0.72787381351346114  0.73581048556512940  0.74350512870636265  0.75196695495242072
  0.76051374065984534  0.76945038594199677  0.77690717632288753  0.78452488494938055
  0.79293831626926092  0.80608513211779476  0.82132337730580351  0.83499426730938231
  0.84921515485847465  0.86675494747916138  0.89518249165299790  1.00000000000000000
   5.5006706945400003E-011   3.2196093333300001E-006
  <DiscreteSampler_grid>
  Helicity
  1 # 1 for a reference and 2 for a running grid.
  80 # Attribute 'min_bin_probing_points' of the grid.
  1 # Attribute 'grid_mode' of the grid. 1=='default',2=='initialization'
  0.0300000000000000 # Attribute 'small_contrib_threshold' of the grid.
  0.3330000000000000 # Attribute 'damping_power' of the grid.
 # binID   n_entries weight   weight_sqr   abs_weight
    1   2929   1.874316327370955E-010   1.629403254740099E-018   1.874316327370955E-010
    2   107   2.586685756550567E-012   1.496743723918549E-022   2.586685756550567E-012
    3   134   1.270761364631391E-011   6.217069361048699E-021   1.270761364631391E-011
    4   5659   2.724106570923287E-010   3.823253382096941E-017   2.724106570923287E-010
  </DiscreteSampler_grid>
  <DiscreteSampler_grid>
  grouped_processes
  1 # 1 for a reference and 2 for a running grid.
  10 # Attribute 'min_bin_probing_points' of the grid.
  1 # Attribute 'grid_mode' of the grid. 1=='default',2=='initialization'
  0.0300000000000000 # Attribute 'small_contrib_threshold' of the grid.
  0.3330000000000000 # Attribute 'damping_power' of the grid.
 # binID   n_entries weight   weight_sqr   abs_weight
    16   10   7.143713464800000E-003   1.775819985710000E-004   7.143713464800000E-003
    22   10   7.143713464800000E-003   1.775819985710000E-004   7.143713464800000E-003
    10   10   7.143713464800000E-003   1.775819985710000E-004   7.143713464800000E-003
  </DiscreteSampler_grid>
