  0.00033653428341750  0.00034567078160198  0.00035264467229743  0.00035925207405806
  0.00036534308244742  0.00037102448402944  0.00037638287058744  0.00038140250131567
  0.00038615321147141  0.00039073359990425  0.00039519826172491  0.00039958332038593
  0.00040393695661512  0.00040829137242998  0.00041270285759534  0.00041719921764945
  0.00042179394021487  0.00042656622329164  0.00043151537198138  0.00043654686557549
  0.00044163966887161  0.00044684580559059  0.00045237022076572  0.00045816372871276
  0.00046415258705437  0.00047023057237093  0.00047644485730690  0.00048292465163314
  0.00048934167242998  0.00049655777018554  0.00050388294432210  0.00051168160986196
  0.00052003932631882  0.00052890530130731  0.00053815186230393  0.00054799957246214
  0.00055847517625964  0.00056965049668605  0.00058158131478013  0.00059452882029501
  0.00060694074222249  0.00061824653624645  0.00062841681295653  0.00063730094999179
  0.00064550484285890  0.00065269454101072  0.00065930757782719  0.00066807864481228
  0.00067575077339898  0.00068379263242982  0.00069147401937996  0.00070019584386955
  0.00070855227798168  0.00071805193741351  0.00072863077676914  0.00074777984554228
  0.00075755433143215  0.00076485923966816  0.00077101183940703  0.00077675682881087
  0.00078307917544620  0.00079892823087168  0.00080261906754588  0.00080341216417884
  0.00080420526081180  0.00080499835744476  0.00080579145407772  0.00080658004114456
  0.00080736586449810  0.00080815168785164  0.00080893751120518  0.00080972333455873
  0.00081048341058260  0.00081123439076768  0.00081198537095276  0.00081273635113784
  0.00081348733132292  0.00081882671184009  0.00082644785546501  0.00083462366352969
  0.00084230328750791  0.00085673929118733  0.00086917680505115  0.00087944255388630
  0.00088744468017457  0.00090140935887094  0.00090809386368061  0.00091526758525363
  0.00092229375234993  0.00092951644586775  0.00097299280548341  0.00099543995400705
  0.00101906057438131  0.00103388835077500  0.00105071019751984  1.00000000000000000
 -0.00217605316397021  0.01046545918371818  0.02052838803243145  0.03140902773886206
  0.04232184506310774  0.05301054668873989  0.06398960678625387  0.07497288526183289
  0.08612793956945297  0.09761287648143485  0.10898560402024517  0.12001714208570910
  0.13057486262629681  0.14105562005716132  0.15180199860382348  0.16283048947541481
  0.17403173180743500  0.18535356118648064  0.19651074332446761  0.20761733129560650
  0.21805556347020519  0.22857706160150393  0.23927621479029032  0.25017446813849242
  0.26089905973735511  0.27153761547498645  0.28222858354396102  0.29299746715430730
  0.30348592368261729  0.31397920225391562  0.32466956932307700  0.33564430166562642
  0.34704706551239117  0.35840269904757993  0.37008206553373946  0.38177084423042024
  0.39372032468657775  0.40535573054971574  0.41668885897082836  0.42768157865654877
  0.43852152798360988  0.44955720980235236  0.46074008797847477  0.47176524619545490
  0.48244481830030211  0.49285929578764098  0.50355823003613331  0.51434825595879019
  0.52530473825696178  0.53598926503803623  0.54708382042204051  0.55847511381207460
  0.56961193938659371  0.58040685356211541  0.59100025518979338  0.60179224863257097
  0.61264301844175373  0.62340200506629317  0.63400644284635344  0.64469793851391644
  0.65552844117103426  0.66635032985938036  0.67701184094770261  0.68775528658003493
  0.69892511166868010  0.71022575876605387  0.72144753319636923  0.73236754296561368
  0.74319571059225054  0.75386771665784647  0.76438845217895890  0.77171526932412049
  0.77735167478924916  0.78300163860885497  0.78865578207242315  0.79434629116217315
  0.80004192160827303  0.81089765642838008  0.82220507216331074  0.83379296435601835
  0.84525869056837433  0.85630321779099450  0.86679091637333261  0.87692260050526749
  0.88697277062613111  0.89709481615301323  0.90718033725723324  0.91750746444340547
  0.92811321136926772  0.93869819644003760  0.94870186366690690  0.95860968725939344
  0.96873891466403184  0.97916383261042494  0.98949191684096649  1.00000000000000000
 -0.00216052964436630  0.00983430933574286  0.01973034611282139  0.03050625633818302
  0.04150537597481987  0.05263867987092511  0.06303750390024554  0.07330866342310012
  0.08373438225340030  0.09448385373526207  0.10520638089025044  0.11557155306752487
  0.12624999971860545  0.13680456788423201  0.14721979569073637  0.15767825845664582
  0.16851567518470689  0.17963387965517194  0.19022322992878263  0.20000238171412799
  0.21015650519106871  0.22050903312040127  0.23077221787935548  0.24090322850473631
  0.25139773706947938  0.26255509438928126  0.27359515771433113  0.28461523701829822
  0.29584613274880195  0.30732031701934481  0.31841533966604207  0.32910089687084887
  0.33993591152560343  0.35086604202147492  0.36188277311126305  0.37281930009880687
  0.38378169375429361  0.39473973523074934  0.40536407983716716  0.41581819944690379
  0.42642028769969603  0.43714355932501314  0.44805369322091193  0.45888039405178577
  0.46979331641410849  0.48089407227302960  0.49209422204001257  0.50331757522503195
  0.51455240724435136  0.52559327902549979  0.53632801430242616  0.54691173696968165
  0.55769771162621595  0.56836623617021098  0.57890124395425113  0.58961326273234793
  0.60072636585375083  0.61152716684259134  0.62219715337959169  0.63275721336957924
  0.64359585424737897  0.65468029550487139  0.66580313859262497  0.67685469622878203
  0.68753398769575302  0.69815478340612469  0.70880144454813310  0.71955915251111957
  0.73069535502333893  0.74231441006383225  0.75430080947021372  0.76569508173723921
  0.77658788951965663  0.78750857452115741  0.79907787082520110  0.81117191450159531
  0.82286573867152535  0.83408622590301507  0.84492038387053114  0.85266326939072434
  0.85823927533263289  0.86365014100900539  0.86898956633667901  0.87431817375610765
  0.87964430564959317  0.88934118596222322  0.90024515643595104  0.91142827442571006
  0.92273219528576622  0.93374775991216508  0.94454289234672306  0.95563003665379909
  0.96679559891031575  0.97812503642891113  0.98908968528438590  1.00000000000000000
 -0.00201621570284284  0.01032913780686549  0.01923401042946365  0.02970693950561457
  0.04038303418574197  0.05153256746556326  0.06279130036656450  0.07386976811462345
  0.08489886072283920  0.09619336531690112  0.10772031426445289  0.11920363081321728
  0.13058414491349399  0.14158700155019055  0.15225343429385965  0.16291829637970032
  0.17357630667651261  0.18482963941817468  0.19605277314847572  0.20755897279091889
  0.21879730083808865  0.22991877459180832  0.24079690999701489  0.25136981220732252
  0.26192867809769882  0.27260192855335136  0.28333744277422723  0.29415264560507326
  0.30505381109827612  0.31578325294656406  0.32621682868176133  0.33646036802754359
  0.34710139085096309  0.35806823333605009  0.36916689730551078  0.38051624677546608
  0.39195182446701510  0.40354191419867275  0.41472999601383925  0.42567709930106928
  0.43646790524595092  0.44734017136545506  0.45789775567195046  0.46361559601830526
  0.46907211743445787  0.47454116452401313  0.48001633128305554  0.48551406769624955
  0.49266764777753902  0.50312460749187471  0.51371321098434686  0.52422885475109771
  0.53452108833111955  0.54493450378950303  0.55534197137896846  0.56608484871468112
  0.57687781182139719  0.58795186544523725  0.59887433680831559  0.60999249408158596
  0.62086816554932966  0.63147821315384478  0.64216744395028402  0.65329744513753285
  0.66489450244817272  0.67662870407594444  0.68813988825110295  0.69957255168422805
  0.71055696810047086  0.72149824339244950  0.73248320412867096  0.74316927899554353
  0.75348029175748155  0.76391702824962293  0.77462138524175606  0.78550548026989564
  0.79650108754957449  0.80771059032651471  0.81867456908150527  0.82906214386798116
  0.83975193182441688  0.85082591218506143  0.86185486518971921  0.87278628465426944
  0.88402785294504005  0.89544024678989942  0.90639516244020080  0.91707093887253055
  0.92745244752814182  0.93736573479165197  0.94741108654826489  0.95758857620335580
  0.96836049586890638  0.97904222060017310  0.98962410469651307  1.00000000000000000
 -0.00174567464561064  0.00987625988363769  0.01986645628337729  0.03059921734354190
  0.04196019158088746  0.05339314526259040  0.06453050241739802  0.07524327606292773
  0.08545703230426133  0.09584874462136045  0.10641343310274330  0.11735967688981105
  0.12819913677144743  0.13926460304308702  0.15038684311163208  0.16160321918117820
  0.17283619582987433  0.18382096304719273  0.19507327561689536  0.20652838615610364
  0.21809759630794573  0.22946343118998802  0.24088360487488578  0.25244963352485483
  0.26396860978384956  0.27486235344193866  0.28547581228041907  0.29629992155363472
  0.30719070418021255  0.31781690185757222  0.32819024016183068  0.33877621245710704
  0.34938883527932540  0.36005015055857098  0.37112479841447354  0.38126736742471651
  0.39175755274434565  0.40252014037482758  0.41330644882143602  0.42375919451439226
  0.43416360958315375  0.44502214079425123  0.45622713423723671  0.46714130558961442
  0.47793044375568883  0.48900297534372200  0.49996686505729121  0.51104449894024151
  0.52178432812782527  0.53260663233170502  0.54335036592661523  0.55407913777342410
  0.56493317954584910  0.57617046433546848  0.58730388979024928  0.59795912552155384
  0.60864537412900399  0.61916130938422442  0.62970050156891200  0.64012230570679596
  0.65075559402264571  0.66192402611024859  0.67278987254814338  0.68316730940691628
  0.69346984371121867  0.70360033073920336  0.71362371870798458  0.72362014608990866
  0.73396816270249932  0.74482166728913979  0.75569366680725891  0.76650844228301152
  0.77714796338665637  0.78824371940551452  0.79958669794557247  0.81099500560394300
  0.82191513997915477  0.83266070083531363  0.84335696620586109  0.85376143855071629
  0.86418690416396371  0.87501471380666063  0.88634534665191000  0.89782407931737984
  0.90919664240966813  0.92066093286319006  0.93171716165183971  0.93932850585153727
  0.94471231624338614  0.95024532400399819  0.95584555530974724  0.96157550836354988
  0.96734051782294272  0.97799182223172432  0.98893385083593788  1.00000000000000000
  0.01013424094046937  0.02521495629132422  0.04025403048445107  0.05286038778595015
  0.06399282380360083  0.07479270446250184  0.08545398592011862  0.09595186312633688
  0.10637652623977600  0.11702433299508250  0.12764363666872461  0.13813324928162224
  0.14858287718001917  0.15919540441879942  0.16991663536639612  0.18054421857642836
  0.19121120157711669  0.20186201670267995  0.21249149204962775  0.22310134902323098
  0.23371788408458311  0.24436722541758304  0.25507161372970666  0.26573921163731085
  0.27647194847998352  0.28706634289420785  0.29779889686026606  0.30869648250667792
  0.31956918053984518  0.33050042907263877  0.34140042026312828  0.35251070752736757
  0.36363804793893584  0.37462574722937597  0.38557123145903838  0.39645651796039383
  0.40721981646400768  0.41804899871431689  0.42904301599824785  0.44027883603218410
  0.45150745799671582  0.46260457666002447  0.47373582208966136  0.48491502637981848
  0.49599330369372752  0.50694338869045985  0.51803691800316998  0.52916767813434662
  0.54028204633197041  0.55162019442172028  0.56314902924773913  0.57493970541454342
  0.58675018389487632  0.59857629137033419  0.61007831484589770  0.62145992849085907
  0.63286347351341532  0.64422969507315453  0.65560155095838468  0.66695878344351134
  0.67836390050560058  0.68964776196696287  0.70078418230204853  0.71181814826560219
  0.72312464227544937  0.73475327749141128  0.74642783665921375  0.75800331999975501
  0.76962995586857541  0.78153322971146943  0.79338120756181163  0.80504031475673232
  0.81651517647106597  0.82799246201856480  0.83969338014255568  0.85157327319508080
  0.86370028045169522  0.87582575885107250  0.88789834313338378  0.89993544355264976
  0.91211867500483224  0.92437323112727054  0.93659523188601834  0.94827870300735373
  0.95867993641298288  0.96691586553572539  0.97352208994512168  0.97893243111157635
  0.98325652882067494  0.98684251111277521  0.99022370733445930  0.99250450584130923
  0.99451488052468995  0.99640221898155223  0.99820110949077612  1.00000000000000000
 -0.01613821121348055  0.11193408318866999  0.14653337777599201  0.16915042617695281
  0.18767066115534306  0.20356667739415338  0.21735278022066093  0.22975072817338218
  0.24086219181473265  0.25110254268858878  0.26006917013010422  0.26852272854617953
  0.27687459042349888  0.28530875391552535  0.29371587429097312  0.30189571835393625
  0.30992041433472128  0.31791298006850294  0.32578558984791162  0.33348091801067470
  0.34059652865760337  0.34772091961401885  0.35467556759210855  0.36134444940652732
  0.36773737644568916  0.37402992628190318  0.38019735181734543  0.38629744087842510
  0.39230042285462796  0.39817849611628564  0.40397537361487079  0.40965447842217684
  0.41529969233179576  0.42109354331668708  0.42705624645505808  0.43282687343671328
  0.43859254284372923  0.44423117201736700  0.45012212909720045  0.45604034017357736
  0.46191941264603187  0.46778630372998870  0.47361672516526254  0.47929778782909610
  0.48484778392941197  0.49038974939570001  0.49598627574436538  0.50175772100935823
  0.50736202728381230  0.51301215338077488  0.51863896804070531  0.52390624254836005
  0.52915939785708888  0.53446290908906302  0.54002616833475514  0.54592768627155563
  0.55199310200991969  0.55804520965021787  0.56411982687225060  0.57018974227221064
  0.57619533880445717  0.58216757833905031  0.58815334675436248  0.59411997958354723
  0.60009877291948288  0.60627092784311520  0.61261995760516541  0.61895877020870893
  0.62530894188478403  0.63175771398443326  0.63845692871353554  0.64541998333782635
  0.65255715025184846  0.65966603618083253  0.66699882405060396  0.67435063586067490
  0.68199324192290933  0.68957008524001062  0.69731272165476033  0.70527783563920921
  0.71385479919205097  0.72269323472248659  0.72826262850800161  0.73369971010706758
  0.73922818929707512  0.74490776699390659  0.75069699032522097  0.76089567794534041
  0.77204777353728371  0.78401075215070515  0.79720000631118348  0.81256092827892634
  0.83079375503175412  0.85335110203535935  0.88761192769037822  1.00000000000000000
   1.1348235947300000E-009   3.4728119485300001E-006
  <DiscreteSampler_grid>
  Helicity
  1 # 1 for a reference and 2 for a running grid.
  80 # Attribute 'min_bin_probing_points' of the grid.
  1 # Attribute 'grid_mode' of the grid. 1=='default',2=='initialization'
  0.0300000000000000 # Attribute 'small_contrib_threshold' of the grid.
  0.3330000000000000 # Attribute 'damping_power' of the grid.
 # binID   n_entries weight   weight_sqr   abs_weight
    1   4513   5.180809090953363E-009   1.461782539847481E-016   5.180809090953363E-009
    2   82   2.841658694671905E-014   1.454656505511334E-027   2.841658694671905E-014
    3   84   1.090129576361119E-011   9.926327544218257E-021   1.090129576361119E-011
    4   4150   4.781956869484280E-009   7.132205069053311E-017   4.781956869484280E-009
  </DiscreteSampler_grid>
  <DiscreteSampler_grid>
  grouped_processes
  1 # 1 for a reference and 2 for a running grid.
  10 # Attribute 'min_bin_probing_points' of the grid.
  1 # Attribute 'grid_mode' of the grid. 1=='default',2=='initialization'
  0.0300000000000000 # Attribute 'small_contrib_threshold' of the grid.
  0.3330000000000000 # Attribute 'damping_power' of the grid.
 # binID   n_entries weight   weight_sqr   abs_weight
    16   10   4.745488554439999E-001   2.542182522770000E-001   4.745488554439999E-001
    22   10   4.745488554439999E-001   2.542182522770000E-001   4.745488554439999E-001
    10   10   4.745488554439999E-001   2.542182522770000E-001   4.745488554439999E-001
  </DiscreteSampler_grid>
