  0.00032719676520818  0.00034732435951433  0.00036431968499356  0.00038131501047278
  0.00039507778844200  0.00040743930692231  0.00041980082540263  0.00044801007153278
  0.00046977910810771  0.00049104857909819  0.00050968689342713  0.00052653045692646
  0.00054235796026329  0.00055738140509228  0.00057088571902051  0.00058446527203206
  0.00059804483304262  0.00061059940637432  0.00062269585937352  0.00063375733912723
  0.00064503778292344  0.00065878814825678  0.00067428386319429  0.00069005584052645
  0.00070507549624056  0.00072108124769851  0.00073310090938749  0.00074524997561938
  0.00075797570958983  0.00077473700835613  0.00079143908098560  0.00080753803952246
  0.00082411773265452  0.00083927890371564  0.00085458324325756  0.00087085360971079
  0.00088533149103001  0.00089820781655667  0.00090998723415439  0.00092072296160486
  0.00093258144182646  0.00094389168789444  0.00103313708010462  0.00132918429828785
  0.00136762584075209  0.00139090126613234  0.00140759596771415  0.00142402368360230
  0.00144202450012412  0.00146732250428294  0.00149208489570616  0.00152598520443839
  0.00158751291218692  0.00165835203353389  0.00173047803128923  0.00180378860892723
  0.00189563882630330  0.00201074089161833  0.00210221280161985  0.00213070992509454
  0.00215020632917995  0.00217400248081264  0.00219828395411266  0.00222142410081255
  0.00225040685299347  0.00228557751780413  0.00231873199663562  0.00233865699559026
  0.00235480703806749  0.00236996804594268  0.00238380604861582  0.00240081510611197
  0.00241791116925216  0.00244627864832323  0.00248325825992748  0.00250095472482686
  0.00254904758337535  0.00270461828403379  0.00294231159166183  0.00319617591692159
  0.00336824225035218  0.00355774269611495  0.00373782040447369  0.00388449974154272
  0.00398292825415395  0.00410187564439333  0.00447578333179023  0.00493260315299110
  0.00533265460676700  0.00573988935970946  0.00628472544983294  0.00682956153995643
  0.00796972896093380  0.00937788281539010  0.01473489087979035  1.00000000000000000
 -0.00008065089388458  0.00094388730131229  0.00134863897671349  0.00187233567025634
  0.00252057517822873  0.00349078317724638  0.00530948865385803  0.00866432588829253
  0.01350430104539060  0.01800273152253393  0.01965169122413197  0.02140764544271642
  0.02332770658073037  0.02551411157483086  0.02791113690014746  0.03212818775741454
  0.03792616205472869  0.04509202236020326  0.05369309796638682  0.06349121935869516
  0.07188514403444038  0.07969733645036492  0.08860835975132823  0.09848229067415777
  0.10861195029794184  0.11884499663417687  0.12905432991668023  0.13528482628109162
  0.14227303872400868  0.14947023267999859  0.15823337461900566  0.17166073336044116
  0.18147589195434080  0.19123644326344466  0.20199791208157855  0.21269187806882975
  0.22327300870634190  0.23220667667647971  0.24249503480235604  0.25244051923482430
  0.26359815072127379  0.27701904923193110  0.29047744744676518  0.30368192473664768
  0.31266575434087257  0.31702454673434904  0.32193090737505203  0.32733981458643657
  0.33262049416265210  0.33720383892323486  0.34178621429148026  0.34718744947307961
  0.35376852897063016  0.36029923795262103  0.36657727256138606  0.38444590210691992
  0.40503776096074828  0.42259861690583583  0.43147162916940918  0.43603504584027508
  0.44059846251114093  0.44516187918200684  0.44957173150371055  0.45395173230156793
  0.45833173309942532  0.46272516524624241  0.46757465705953372  0.47242414887282497
  0.47727364068611622  0.48555571847673257  0.50582787465337975  0.52517095376259582
  0.54337159709954586  0.56131762486972914  0.56889306950460949  0.57857457674374591
  0.58935860805586748  0.59902657831495598  0.60818952979963536  0.61799405464065094
  0.63614074250308639  0.65784843165476903  0.67807393888630607  0.69913903140826872
  0.71996319688599797  0.73915976626103652  0.75902494396591280  0.78128327194545288
  0.80962075826803670  0.83735365922784455  0.86275196119264841  0.88701800385636209
  0.91638222591140794  0.94430645243234312  0.97188834824240145  1.00000000000000000
 -0.00264326248973893  0.01182012952480995  0.01752494338825777  0.02427597890664358
  0.03130748635199168  0.03861760576687410  0.04518278851213062  0.05200485252784769
  0.06068391385374602  0.06870089620061241  0.07625894167465344  0.08671885254803514
  0.09545123470128286  0.10479080305890552  0.11514562498322542  0.12920268774828797
  0.14576979425353589  0.16350039832705895  0.18339440042510649  0.20484483915390916
  0.22000029732668017  0.22408217590280935  0.22816405447893856  0.23224593305506777
  0.23632781163119698  0.24007242381656191  0.24379721670210527  0.24752200958764864
  0.25124680247319203  0.25479700763016561  0.25824367248820751  0.26169033734624936
  0.26513700220429126  0.27324098781142730  0.28753063016792563  0.29880706408431135
  0.31023754021890637  0.31833534168822092  0.32675830869338413  0.33561594629647556
  0.34565485906194315  0.35838639391675914  0.37117171148350098  0.38223098549580964
  0.39201298197875134  0.40641974744865073  0.42146398648266487  0.43813311431524565
  0.45434260479291211  0.46748534984192502  0.47876349882441199  0.49064249560785317
  0.50430493932504117  0.52036020846687725  0.53739857239311895  0.55360793070497194
  0.56735748136587427  0.58022013792855420  0.59320695762584530  0.60949779440139173
  0.62398556411234818  0.63429079498597107  0.64338145436427863  0.65330623804958110
  0.66681265489774144  0.68337237922409355  0.69848457451576451  0.71200967293635342
  0.72439372649196521  0.73695674398758793  0.75009438520736238  0.76492825431565048
  0.78252680221797855  0.80236900292628954  0.81689008339844960  0.83285928902453565
  0.85141310914816848  0.87115780878107640  0.88685969510722640  0.89925325043330884
  0.90922339404783603  0.91807969825919855  0.92659085084394432  0.93632325163895447
  0.94887754203413532  0.95315584486778193  0.95575380962563750  0.95843801885869651
  0.96099340866927241  0.96352349971190465  0.96588174005851357  0.96806257645009097
  0.97025070936705327  0.97863139912149322  0.98944223466141135  1.00000000000000000
 -0.00392921217056620  0.02320436902296215  0.04476454657734591  0.06316681733852571
  0.08119299721748766  0.09756418000411445  0.11534113337451925  0.13061060165886396
  0.14051113558211278  0.14368531156136280  0.14712091355597112  0.15032812824573211
  0.15333081204473809  0.15654203698294170  0.16087935977901927  0.16512777840493684
  0.16920628768976656  0.17323877047035083  0.17976359790665411  0.18852475824381756
  0.19782265304100111  0.20649003840574415  0.21366126203178359  0.22238996752573240
  0.23297526196689497  0.24356411480734644  0.25409919034411110  0.26602594734585505
  0.28092197589347817  0.29466735089934643  0.30718871509794404  0.31905800766511044
  0.32967150386830202  0.34013270846212412  0.35086282305319272  0.36138866742021930
  0.37284030008408969  0.38432813204820077  0.39394575559732492  0.39993989896430848
  0.40602943639721706  0.41219025021880024  0.41895878732905018  0.42696586841946577
  0.44262269055728104  0.46161601807827823  0.47973329232997469  0.49454341963815990
  0.51037053046540548  0.52277038095032691  0.52636987759799214  0.52996937424565727
  0.53356887089332239  0.53716836754098751  0.54053375313225638  0.54389743866424545
  0.54726112419623452  0.55062480972822370  0.55351838074633819  0.55609210267671583
  0.55866582460709346  0.56123954653747110  0.56532670460212664  0.57543399247096971
  0.58481337817646040  0.59527532008703821  0.60934469570099148  0.62314780697139982
  0.63508789236998042  0.64726345481052550  0.66249084708551553  0.67661019409413559
  0.69166455320324771  0.70600167240664546  0.71381878979423363  0.72161999976473690
  0.73002526002568424  0.74102963184954629  0.75228480250501861  0.76284778782113449
  0.77362594793982231  0.78576187438805656  0.79792948488364213  0.81069052040294043
  0.82590083042060070  0.84352652209969936  0.86067795525122559  0.87765399221790030
  0.89177043831283909  0.90479882259559496  0.91645298671168596  0.92903673378001950
  0.94361226541825161  0.95989744708576119  0.98024059527213414  1.00000000000000000
 -0.00253795905267620  0.01508708685053435  0.02998091360139742  0.04353376587244910
  0.05680115941727860  0.07269844072351522  0.09156810630070029  0.10712994469366914
  0.12037730094978034  0.13416921740003984  0.14796381265495723  0.16161533759206090
  0.17511237333172186  0.18804485169870983  0.19873932564509797  0.20867106387839118
  0.21580811027242283  0.22302336183517363  0.23036923283467656  0.23791395824456063
  0.24588753052055232  0.25114318014855191  0.25395835512254900  0.25737030656925086
  0.26062129261170525  0.26356810725052354  0.26664587864066308  0.27006766058786363
  0.27370119776617108  0.27718923147248103  0.28135438609898611  0.29369888013488554
  0.30947249594019233  0.32326344800471163  0.33578533574974972  0.34815500332146010
  0.36229824132452770  0.37698473271416960  0.38984472729220643  0.40138058142540778
  0.41132739172803495  0.41719200765313252  0.42459274382992107  0.43292843098955086
  0.44204323885738972  0.45293202974736774  0.46641308843761003  0.48031172229024127
  0.49525993976819882  0.51086896957562000  0.52510210220262243  0.54222812673924425
  0.55938735870227030  0.57405214947822125  0.58768087558516291  0.59918894457007865
  0.61016907948878629  0.62067742633063705  0.63348360834076622  0.64544017110844576
  0.65873782952792614  0.67385035645943070  0.68950019846388222  0.70553198382757509
  0.72264109400449605  0.73305822043072622  0.73674622901112596  0.74043423759152571
  0.74412224617192535  0.74785991387979200  0.75185956357674266  0.75585921327369332
  0.75985886297064387  0.76385851266759452  0.76767908569539522  0.77145813227253002
  0.77523717884966492  0.77901622542679982  0.78991438468478659  0.80633832159681107
  0.81961862378226114  0.83135550565543004  0.84359932433288631  0.85909333667275201
  0.87602430925172081  0.89175634527047998  0.90516922666905064  0.92031421172359829
  0.93571597364498038  0.95151533030493762  0.96331853255133149  0.97088125435105865
  0.97830864099328241  0.98566222892842015  0.99283627641054240  1.00000000000000000
 -0.01236633387760332  0.13103133126715433  0.21631053055610394  0.42056312751392438
  0.43550530810460419  0.44597948052840330  0.45650026352741607  0.46518255034426453
  0.47301794421696886  0.48097292162936361  0.48815615139733098  0.49444082272724399
  0.50058323105638636  0.50691599187031289  0.51365610793114158  0.52028699975139447
  0.52268203005221814  0.52398571674532668  0.52528940343843522  0.52659309013154376
  0.52789170339437386  0.52918550936927378  0.53047931534417381  0.53177312131907384
  0.53305989456377212  0.53431654918203397  0.53557320380029583  0.53682985841855768
  0.53808651303681954  0.54227369974538253  0.54703038552649996  0.55125602047446265
  0.55559033659507917  0.56020124589179254  0.56478130461991549  0.56894214530313558
  0.57216761250023429  0.57556641950578080  0.57966320805065030  0.58389226010187179
  0.58810900408757438  0.59226826169444480  0.59703380628391933  0.60141609159397813
  0.60582577112189739  0.61030449799968634  0.61454717384427626  0.62005713335882606
  0.62579923074562138  0.63284135636925054  0.63908599694182311  0.64626254178858733
  0.65478320443259419  0.66300496281458532  0.67089087377186374  0.67837861236876784
  0.68633568294226077  0.69499361127848502  0.70279946328241238  0.70645933422514917
  0.70910526073599600  0.71137421698406622  0.71286661084761582  0.71529327080295035
  0.71913670255241990  0.72304008067290260  0.72721253484049164  0.73452877727363131
  0.74510408905692582  0.75579786742823651  0.76533397743745057  0.77417740753411113
  0.78420475061682271  0.79668964543283538  0.80163034836164726  0.80388525507280539
  0.80644694692430585  0.80943417276060126  0.81221659954525638  0.81399730169126938
  0.81577483237240767  0.81757609046145452  0.81955136122406769  0.82305199105588944
  0.82619066475802838  0.82935905414878119  0.83282540139405026  0.83785844785085606
  0.85203777612879616  0.86828425558748867  0.88609474338398742  0.90217824181025819
  0.91654400214769316  0.93231185352503521  0.94909979663495381  1.00000000000000000
 -0.01535279623078341  0.11803243367517419  0.15133524823268565  0.17359256291619149
  0.19107384576552297  0.20838511458776254  0.22208567446762359  0.23559279410010522
  0.24737562242539618  0.25742167728825127  0.26733725337882225  0.27788694175580997
  0.29164921403739402  0.30697721631361091  0.31978488339112315  0.33241349528827846
  0.34316324567568768  0.35395895426202817  0.36146185263433994  0.36831881009498246
  0.37540463060787416  0.38334497773128456  0.39058537840796176  0.39766124941236169
  0.40582884504214622  0.41145373116012052  0.41707906974608916  0.42270483309533924
  0.42534754455708873  0.42728409699173647  0.42922064942638422  0.43115720186103201
  0.43309375429567976  0.43509481806041572  0.43710294368814184  0.43911106931586802
  0.44111919494359414  0.44301870091898904  0.44456750349720947  0.44611630607542985
  0.44766510865365028  0.44921391123187071  0.45319476094874672  0.45891522882401620
  0.46458890010825360  0.47041818962384491  0.47790605007763054  0.48502181248943577
  0.49157507877112244  0.49779216466192117  0.50254428746724589  0.50455073303886022
  0.50631844590875774  0.50819736242931834  0.51041565741242489  0.51256025297130814
  0.51479271010495187  0.51723655634560861  0.51945395839654829  0.52116651119063406
  0.52274265288006194  0.52714580045769677  0.53421719211503549  0.54098564784973502
  0.54835938601216350  0.55651311378980162  0.56400788453547912  0.57164535929538707
  0.57734670788476705  0.58232580165865078  0.58637722581834428  0.58984848993197236
  0.59318486110220625  0.59830706317570559  0.60706453075788835  0.61539654060410010
  0.62415333046541333  0.63415025451296214  0.64425655670063775  0.65460514534302305
  0.66287608221211680  0.67012642490227792  0.67763861591765484  0.68489224134941296
  0.69344905055296691  0.70512467810577151  0.71830274900787061  0.73351749074947481
  0.74964069530545185  0.76590612356105137  0.78033518248582923  0.79733276531909103
  0.81895479998466580  0.84334251169741181  0.87448808817614399  1.00000000000000000
   1.0945222981200000E-010   6.7945549999999999E-005
  <DiscreteSampler_grid>
  Helicity
  1 # 1 for a reference and 2 for a running grid.
  80 # Attribute 'min_bin_probing_points' of the grid.
  1 # Attribute 'grid_mode' of the grid. 1=='default',2=='initialization'
  0.0300000000000000 # Attribute 'small_contrib_threshold' of the grid.
  0.3330000000000000 # Attribute 'damping_power' of the grid.
 # binID   n_entries weight   weight_sqr   abs_weight
    1   3139   4.472487450503613E-011   5.028291371606278E-020   4.472487450503613E-011
    2   348   1.366829767611360E-010   4.284783469662386E-018   1.366829767611360E-010
    3   1549   6.736281826916116E-011   1.009199177114102E-018   6.736281826916116E-011
    4   3786   5.034300962098559E-011   1.310161312062160E-019   5.034300962098559E-011
  </DiscreteSampler_grid>
  <DiscreteSampler_grid>
  grouped_processes
  1 # 1 for a reference and 2 for a running grid.
  10 # Attribute 'min_bin_probing_points' of the grid.
  1 # Attribute 'grid_mode' of the grid. 1=='default',2=='initialization'
  0.0300000000000000 # Attribute 'small_contrib_threshold' of the grid.
  0.3330000000000000 # Attribute 'damping_power' of the grid.
 # binID   n_entries weight   weight_sqr   abs_weight
    16   10   7.911446078360000E-005   1.785754490470000E-008   7.911446078360000E-005
    22   10   7.911446078360000E-005   1.785754490470000E-008   7.911446078360000E-005
    10   10   7.911446078360000E-005   1.785754490470000E-008   7.911446078360000E-005
  </DiscreteSampler_grid>
