+0.0003256060521287 +0.0003889561312088 +0.0004288118461006 +0.0004661577947460 
+0.0004939899591574 +0.0005193903123485 +0.0005426574920647 +0.0005635516776071 
+0.0005823861093621 +0.0006012094348441 +0.0006188122530382 +0.0006355741346287 
+0.0006514244912745 +0.0006622226512544 +0.0006718159551910 +0.0006810273534612 
+0.0006916675708501 +0.0007055319589310 +0.0007194267768016 +0.0007330799871087 
+0.0007457125009399 +0.0007572517607819 +0.0007675165066643 +0.0007776208397107 
+0.0007878574080218 +0.0007986045388054 +0.0008088462156476 +0.0008184643096337 
+0.0008266189721261 +0.0008342389712853 +0.0008413879932854 +0.0008496415119276 
+0.0008578351335082 +0.0008663456319315 +0.0008745985990667 +0.0008822406669547 
+0.0008897195415604 +0.0008972414841147 +0.0009046056350748 +0.0009118158414070 
+0.0009185098921975 +0.0009242909583334 +0.0009280252540112 +0.0009317955334694 
+0.0009349165195338 +0.0009464522217001 +0.0010517123645598 +0.0013303688979292 
+0.0013555788151210 +0.0013781259031825 +0.0014032773736499 +0.0014250295794998 
+0.0014493963881889 +0.0014749807956258 +0.0015018603938179 +0.0015301827361837 
+0.0015492704777667 +0.0015632950376329 +0.0015782381742782 +0.0015942585045088 
+0.0016106014803637 +0.0016278825284413 +0.0016477768998311 +0.0016870228559723 
+0.0017313061507701 +0.0017722873251293 +0.0018197177529962 +0.0018707359600408 
+0.0019217680500889 +0.0019881223170132 +0.0020551895851304 +0.0021205076310826 
+0.0021860648980149 +0.0022543543941185 +0.0023229708928557 +0.0024093391367386 
+0.0025213281287831 +0.0026574480487056 +0.0027937116511160 +0.0029421127077544 
+0.0031168712796210 +0.0033087094316733 +0.0034957215724039 +0.0036631180972066 
+0.0037816370059515 +0.0039806682190782 +0.0042378143923117 +0.0044863287281823 
+0.0050995912971979 +0.0058042501290519 +0.0066076676281065 +0.0080358387382631 
+0.0083667553157663 +0.0084491250621882 +0.0084491250621982 +0.0302489563228197 
-0.0004040558605107 +0.0035373194190107 +0.0086184859018101 +0.0155511221585139 
+0.0230243551204238 +0.0310110999683606 +0.0402379440494827 +0.0499562002403877 
+0.0592728645045360 +0.0686213591119939 +0.0781243881415248 +0.0879888578934503 
+0.0980260467669190 +0.1086043796206844 +0.1192129718215422 +0.1297158350225073 
+0.1404205730208770 +0.1520284398378893 +0.1639648495168951 +0.1752737916700624 
+0.1852188381314044 +0.1943402320205229 +0.2035139919453138 +0.2139204270293719 
+0.2248043142587008 +0.2352192629786398 +0.2458066267556327 +0.2573190986395986 
+0.2681418503109019 +0.2781726317604564 +0.2880995012218032 +0.2985753461495871 
+0.3102166521557035 +0.3234468274217964 +0.3359918947981063 +0.3474534890825993 
+0.3581425537749190 +0.3685909353590631 +0.3786275123363623 +0.3878370889534604 
+0.3965807626922671 +0.4030028802996648 +0.4096139784826187 +0.4167324152496404 
+0.4233441372661245 +0.4294512105135391 +0.4349716354513258 +0.4417074380804673 
+0.4508801039031478 +0.4612766078034523 +0.4714220381110284 +0.4829957662018013 
+0.4915491363147160 +0.4989880489690397 +0.5055870689282529 +0.5111381358969503 
+0.5151023084547390 +0.5190690236405336 +0.5230398256794332 +0.5276540534438880 
+0.5328731115970601 +0.5411347024825436 +0.5526670389312575 +0.5652447326882210 
+0.5788128282686859 +0.5930308589227096 +0.6074568101571195 +0.6217020720529599 
+0.6352266869038165 +0.6476582973840792 +0.6606402332048829 +0.6719594405947905 
+0.6834840321820975 +0.6958474451537983 +0.7089981316007489 +0.7205893319034610 
+0.7300575358912514 +0.7391489779760365 +0.7480962372687059 +0.7583540484379655 
+0.7710617370839584 +0.7846834413080342 +0.8005585307041453 +0.8168057624087508 
+0.8332256307182130 +0.8497921684145595 +0.8663880673341480 +0.8827982663230294 
+0.8986953571678238 +0.9142757931400034 +0.9291055831105594 +0.9437275971079009 
+0.9581952764887750 +0.9724019812725543 +0.9865689867238652 +1.0000000000000000 
-0.0023303125348074 +0.0070886799680647 +0.0148635967132150 +0.0248314931118524 
+0.0359941510382529 +0.0461575560841560 +0.0561983625288988 +0.0670404928972432 
+0.0789630658895531 +0.0916114225542257 +0.1046632997323355 +0.1170981495326473 
+0.1254965089743645 +0.1323132650463061 +0.1392792358455353 +0.1452749357407910 
+0.1502303085140928 +0.1585638105563072 +0.1662376714799001 +0.1736207022987717 
+0.1810493554682207 +0.1886791632068207 +0.1969406494003424 +0.2053291099555848 
+0.2131526259568077 +0.2222800655712132 +0.2337178828413513 +0.2451096650451324 
+0.2560181702265977 +0.2661870762655308 +0.2771570153867098 +0.2895520106354337 
+0.3032308444368578 +0.3178459952616046 +0.3321869928922500 +0.3459825696167647 
+0.3591554599018723 +0.3716783822354668 +0.3837285453883831 +0.3946168913620756 
+0.4068703577226456 +0.4196668349196304 +0.4330620607755514 +0.4461432835113612 
+0.4594685277795403 +0.4736860531683841 +0.4877353948344657 +0.5012550464400891 
+0.5149555834930161 +0.5283199506372082 +0.5404270258324511 +0.5516013375928497 
+0.5630069411247551 +0.5746183715892735 +0.5864603634315847 +0.5982973712529427 
+0.6100423133700639 +0.6218650349529187 +0.6332391403458348 +0.6442730405644839 
+0.6551387107845392 +0.6657468004790164 +0.6768177155307504 +0.6856223754489631 
+0.6922059006103874 +0.6991568227218068 +0.7062525496620843 +0.7131358086592132 
+0.7206080973869357 +0.7329218645302528 +0.7454464476963520 +0.7580998775907772 
+0.7706727657038115 +0.7830491153642628 +0.7941013370288437 +0.8033401708210650 
+0.8123696205253474 +0.8220118366917012 +0.8334597674184818 +0.8438187648275211 
+0.8531062233716007 +0.8607572018168937 +0.8676597995282853 +0.8750827450870529 
+0.8817192627708041 +0.8902266376566442 +0.9006582887577377 +0.9128420143587894 
+0.9248242707687381 +0.9348879935667328 +0.9444252942972499 +0.9542737280588383 
+0.9656934087456206 +0.9773823375855784 +0.9890666177832139 +1.0000000000000000 
-0.0023888233457146 +0.0109494932059740 +0.0222925817737918 +0.0346205681261257 
+0.0480934112474541 +0.0621659542638323 +0.0746447773159824 +0.0850912309231740 
+0.0950036777770927 +0.1060562027471135 +0.1186841322387316 +0.1315408746027181 
+0.1447804483760860 +0.1565657522194892 +0.1669255542961721 +0.1773354487845822 
+0.1874656213459469 +0.1984271553846677 +0.2107791067280192 +0.2224702487850600 
+0.2344929308205081 +0.2460750799060861 +0.2563823220457909 +0.2664273019387642 
+0.2769795940697968 +0.2886203466583953 +0.3000289612975787 +0.3107693720222876 
+0.3207694458733460 +0.3302458762546860 +0.3403145315268689 +0.3501649207688104 
+0.3602118623052158 +0.3698354203798845 +0.3771389430673301 +0.3844096229920794 
+0.3916087199746385 +0.3985455322667878 +0.4083407162041915 +0.4189957553616914 
+0.4301795131267295 +0.4412609860985733 +0.4527720305650668 +0.4622487763059335 
+0.4706380486770262 +0.4784808350468725 +0.4881240432033681 +0.4990489459024308 
+0.5087770927411420 +0.5148433166866518 +0.5207758683567315 +0.5263715598864583 
+0.5324841009424286 +0.5388329045736896 +0.5487926126256901 +0.5597168838531923 
+0.5706972462627398 +0.5826933259718248 +0.5950524142083584 +0.6054917396300942 
+0.6118953300025728 +0.6183931348868547 +0.6249601660574785 +0.6314888771391067 
+0.6380060219902673 +0.6481450612879468 +0.6577193311659034 +0.6680162148525646 
+0.6788772288030537 +0.6895390543147243 +0.6999582283066992 +0.7102661526887705 
+0.7208335897999046 +0.7321745908267734 +0.7433951063864384 +0.7549658857708789 
+0.7673600538552104 +0.7803807379648083 +0.7932125136590462 +0.8057342068875571 
+0.8178976382385925 +0.8296218860193998 +0.8411728904664713 +0.8532307440769442 
+0.8655834817368987 +0.8766107649726167 +0.8872755018661357 +0.8988338943927963 
+0.9119864980662035 +0.9251793066515006 +0.9388240882559823 +0.9511096383362747 
+0.9622091679345980 +0.9736075205195595 +0.9864509526903521 +1.0000000000000000 
-0.0029717556893794 +0.0129979579534958 +0.0238998042530791 +0.0348923677100604 
+0.0462956956799637 +0.0582833824949883 +0.0701908418627603 +0.0814379839781086 
+0.0921699192934889 +0.1028587923494679 +0.1116977715999350 +0.1182085967479261 
+0.1243998002646937 +0.1303952276293218 +0.1376241194010484 +0.1483174967741556 
+0.1604603614396188 +0.1727924394868692 +0.1844454706729664 +0.1953036319378600 
+0.2056237071010993 +0.2142405564057991 +0.2199243987169356 +0.2258653169462446 
+0.2319455712182029 +0.2382225078759865 +0.2453246223008563 +0.2547198105106694 
+0.2636675775522543 +0.2727223512969907 +0.2832195689161000 +0.2956807160826253 
+0.3081125218325639 +0.3200912057602633 +0.3321092801040549 +0.3435072705666605 
+0.3536000706347409 +0.3628333508229065 +0.3715947353274716 +0.3803698390107428 
+0.3899069002203455 +0.4013948951555885 +0.4138213239902713 +0.4252653786640102 
+0.4355730974023754 +0.4444666925712578 +0.4526777006598528 +0.4616913486166346 
+0.4711151773839753 +0.4835505086465370 +0.4964279063435525 +0.5086269714219266 
+0.5208422497813242 +0.5330845973239875 +0.5453086514389039 +0.5561105005196599 
+0.5665784159209990 +0.5771831312621044 +0.5891424325945266 +0.6017090632375038 
+0.6155131429999637 +0.6297127950652315 +0.6428937393680335 +0.6553524768034666 
+0.6674126675314159 +0.6790499123217171 +0.6878250998472915 +0.6936104572153365 
+0.6994558163066265 +0.7045662068073592 +0.7106748615125417 +0.7212867698606779 
+0.7329914469622983 +0.7446206172478275 +0.7566075246139899 +0.7675137227781202 
+0.7777613466153327 +0.7878454224281252 +0.7984094089389181 +0.8094927885796765 
+0.8196032117817701 +0.8295477455809463 +0.8405624323197527 +0.8527382718823728 
+0.8651697100349350 +0.8768398780321923 +0.8888814370011784 +0.9012716439922069 
+0.9131666156562734 +0.9261776572132052 +0.9392223299965237 +0.9512260390811128 
+0.9627992017258897 +0.9745011823807703 +0.9868707656494151 +1.0000000000000000 
-0.0335049430831180 +0.1813623797369560 +0.2677056238095311 +0.3299421385784938 
+0.3861675608735600 +0.4245713889272257 +0.4462913591840548 +0.4589857902295670 
+0.4679094224900384 +0.4756833603910026 +0.4842501819811406 +0.4933849872693019 
+0.5015757476616621 +0.5086533835595067 +0.5150152275391544 +0.5207431290149120 
+0.5258773622581127 +0.5301733947568661 +0.5332089345886546 +0.5356759463400921 
+0.5379007913257213 +0.5400832490381958 +0.5427498168523638 +0.5466184097243033 
+0.5499182816500696 +0.5525414668671134 +0.5553876807324128 +0.5582821210705929 
+0.5614241503699631 +0.5651107516738468 +0.5685375280420418 +0.5716600017967656 
+0.5746496645076836 +0.5775421943659745 +0.5806105429814378 +0.5839613641329692 
+0.5870490019170137 +0.5900657134700823 +0.5931193393449473 +0.5963039999426299 
+0.5996607194417530 +0.6029921517342047 +0.6064013618112474 +0.6096416125493613 
+0.6125605001337938 +0.6155570121711470 +0.6186658503198544 +0.6217205020520783 
+0.6252836450385469 +0.6292487179043232 +0.6334770029092386 +0.6378003729534838 
+0.6421138022070167 +0.6466921251341760 +0.6516259382216952 +0.6572052364880567 
+0.6633743122143836 +0.6695397475229263 +0.6753638354427979 +0.6807256208820963 
+0.6857362664913704 +0.6908060690729095 +0.6964371647706685 +0.7031861887509315 
+0.7100447089785730 +0.7159248456327894 +0.7191999523355526 +0.7221695432448316 
+0.7254354946935058 +0.7288263719268774 +0.7324710660365885 +0.7374956553905058 
+0.7437300948785174 +0.7502560706736908 +0.7571078506022180 +0.7639230724346409 
+0.7703789638061005 +0.7765134701759465 +0.7828677161915061 +0.7896945783979408 
+0.7974410804944732 +0.8049038231962505 +0.8127339793296012 +0.8211529873988384 
+0.8305596911910376 +0.8402192521087144 +0.8493952219014697 +0.8584799756400410 
+0.8679981917672379 +0.8783943562160279 +0.8896206494236960 +0.8990333356021589 
+0.9103236748839607 +0.9245926723471224 +0.9432819630458544 +1.0000000000000000 
-0.0305900718120741 +0.1414358226477325 +0.1789162594055610 +0.2000649700009760 
+0.2161105368040098 +0.2253454354454918 +0.2329148704689708 +0.2402076739862617 
+0.2470162622066767 +0.2550442143736405 +0.2672330626350330 +0.2780774668749397 
+0.2880798994179812 +0.2954623522421383 +0.3013001363530492 +0.3071404163589609 
+0.3132897555346909 +0.3210600967643937 +0.3311725020371402 +0.3399824748631671 
+0.3475533733574374 +0.3547625996463987 +0.3621004037280277 +0.3698115983353675 
+0.3775330398000285 +0.3841810483917621 +0.3906032462213048 +0.3965715157304222 
+0.4015220007672796 +0.4062835346073950 +0.4110293268396288 +0.4166064605716282 
+0.4221861321455733 +0.4277955074006744 +0.4329044756552351 +0.4372760936474315 
+0.4414159566412183 +0.4457406726540339 +0.4505453249866224 +0.4560067833399339 
+0.4618655867108599 +0.4677592372959574 +0.4736822619539020 +0.4792982983234199 
+0.4846587869093961 +0.4898431831952197 +0.4949524729852694 +0.5002072330102671 
+0.5056206831848591 +0.5110596837126353 +0.5160853229705317 +0.5207178814530858 
+0.5253786990891715 +0.5299833985061032 +0.5347341325021032 +0.5397182476773223 
+0.5449365390381192 +0.5506163719308202 +0.5568675410491145 +0.5635366169550408 
+0.5704340643944563 +0.5771825080437359 +0.5835103096012495 +0.5897457688968594 
+0.5958409545323285 +0.6024328156606196 +0.6094197237400609 +0.6160731044652902 
+0.6227606190976874 +0.6290190104489505 +0.6348430242073131 +0.6407159753209046 
+0.6464440639942308 +0.6522696176530043 +0.6585722528281096 +0.6653925012971523 
+0.6736386379548401 +0.6823145894881437 +0.6908589901954760 +0.6986293141012845 
+0.7045453762087259 +0.7106746626026519 +0.7162343685963796 +0.7211168949149183 
+0.7252961038541196 +0.7292248603281881 +0.7329505424028980 +0.7370981684649007 
+0.7415640171322571 +0.7524185258152953 +0.7643774888487754 +0.7778884235230931 
+0.7942302064435858 +0.8174213892148954 +0.8571196838892015 +1.0000000000000000 
9.91502010357e-12 6.9090775e-05 
  <DiscreteSampler_grid>
  Helicity
  1 # grid_type. 1=='ref', 2=='run'
  80 # Attribute 'min_bin_probing_points' of the grid.
  1 # Attribute 'grid_mode' of the grid. 1=='default',2=='initialization'
  0.030 # Attribute 'small_contrib_threshold' of the grid.
  0.333 # Attribute 'damping_power' of the grid.
#  binID   n_entries weight   weight_sqr   abs_weight
    4   27563 5.88385246072e-11 2.68986550048e-19 5.88385246072e-11
    1   26957 5.77057087055e-11 3.44243235277e-19 5.77057087055e-11
    3   5511 2.36932979254e-11 1.04305490208e-19 2.36932979254e-11
    2   2127 1.80676785759e-11 1.50716237031e-19 1.80676785759e-11
  </DiscreteSampler_grid>
  <DiscreteSampler_grid>
  grouped_processes
  1 # grid_type. 1=='ref', 2=='run'
  10 # Attribute 'min_bin_probing_points' of the grid.
  1 # Attribute 'grid_mode' of the grid. 1=='default',2=='initialization'
  0.030 # Attribute 'small_contrib_threshold' of the grid.
  0.333 # Attribute 'damping_power' of the grid.
#  binID   n_entries weight   weight_sqr   abs_weight
    16   10 0.000608191472254 1.52856761323e-06 0.000608191472254
    22   10 0.000608191472254 1.52856761323e-06 0.000608191472254
    10   10 0.000608191472254 1.52856761323e-06 0.000608191472254
  </DiscreteSampler_grid>
