  0.02663138990689890  0.03222633162767027  0.03661046221696417  0.04136618018650121
  0.04668643278032725  0.05228796336482898  0.05793084132221213  0.06374696840507429
  0.06960377819132364  0.07554208141624727  0.08166009846373527  0.08833119941499223
  0.09558454835388355  0.10315186684857616  0.11038709130548482  0.11733257793211858
  0.12404410010299950  0.13062367701779520  0.13729565336473062  0.14414487240192864
  0.15110154136756260  0.15802287449413671  0.16512957108958509  0.17249998906258843
  0.18017067608643444  0.18805193048187588  0.19605493589257381  0.20416801612395777
  0.21232773074485253  0.22034795890168149  0.22845412879183014  0.23691741078807010
  0.24568075483763124  0.25481164196166001  0.26389001811767476  0.27266686254668654
  0.28227352895479957  0.29200977263243799  0.30186085221260783  0.31182340719949525
  0.32197303622680656  0.33218334968554170  0.34225418245698702  0.35201268615607073
  0.36141348617023716  0.37067538513782167  0.38006080522788616  0.38959723119708328
  0.39930516724143117  0.40889904249122822  0.41838868242888527  0.42803231216614496
  0.43795666467181260  0.44831952713524315  0.45911471169430057  0.46966149143468300
  0.47970986327099630  0.48948976956715290  0.49932350105518403  0.50953152165530868
  0.51970095944581673  0.53018528552420385  0.54075313213600251  0.55197962509478993
  0.56337258232892928  0.57401620737020531  0.58434799192669751  0.59459144028669930
  0.60533009319443620  0.61676971791515522  0.62918142832743795  0.64264065664886727
  0.65656281690999097  0.67062271013868080  0.68432107153553079  0.69801303572215845
  0.71141948864287863  0.72463829782440625  0.73817950800600440  0.75230383425746172
  0.76576369778855058  0.77976257236694346  0.79381287522303079  0.80777979805610500
  0.82257645547223190  0.83829607505876946  0.85483901160468367  0.87417548903469466
  0.89516148249700489  0.91549402714204886  0.93230762264184441  0.94743560554806883
  0.95914371026344691  0.96324972312422907  0.96935607797576084  1.00000000000000000
 -0.00006637083766946  0.00136905464154779  0.00263752763821731  0.00440730317879103
  0.00681164213902976  0.00957144727229173  0.01261786080911062  0.01612719279731721
  0.01992851233051730  0.02411987560508903  0.02872560930902524  0.03354361169877296
  0.03852063968623494  0.04389176441760766  0.04941714184213587  0.05561606757582001
  0.06250716559067411  0.06960672877462444  0.07669839239236585  0.08418760529471428
  0.09191577769184328  0.09960320015139522  0.10743484365530925  0.11515764531054595
  0.12359389179548814  0.13215749335931945  0.14096994177749458  0.15015059225672955
  0.15993752281774554  0.17035889030920645  0.18007153102597728  0.18812066539639552
  0.19626053815016520  0.20508493311100187  0.21446262190012361  0.22453175803005937
  0.23528260198478360  0.24617470352798684  0.25674453954071891  0.26713770104997314
  0.27779652375348596  0.28890100070395175  0.29992859795455507  0.31083347156421048
  0.32097944047418109  0.33144354762737821  0.34208893407822488  0.35325257638281538
  0.36468151080240807  0.37647040894438993  0.38883894143616798  0.40205695929992463
  0.41571652356513944  0.42866112037162640  0.44146540850406618  0.45388946962121024
  0.46637693863405794  0.47925971290917624  0.49258709783109367  0.50604949189044701
  0.51911223639749948  0.53191211131737592  0.54473910185378072  0.55770724228245439
  0.57071177631605541  0.58363912368754967  0.59678563666317985  0.61008301306449464
  0.62329497623234997  0.63576120346277742  0.64788526525670442  0.66018362837902578
  0.67407506651553295  0.68909047254011624  0.70403622048156189  0.71861256698492482
  0.73256536626271962  0.74549080558072967  0.75773449585146158  0.77021336375038407
  0.78291262884533730  0.79601978485812186  0.80949031682084249  0.82304349282394151
  0.83646114517271930  0.84983890624619429  0.86360333424576230  0.87811255120333853
  0.89271253019755736  0.90714444843852060  0.92150667204747694  0.93656153836284295
  0.95215890092691013  0.96807199382730658  0.98409800688296278  1.00000000000000000
 -0.00275006129526094  0.01068755852316649  0.02182386755385865  0.03308408016025351
  0.04413439287965742  0.05421141681757347  0.06424742716622930  0.07541646604257654
  0.08620859288752954  0.09714863120040020  0.10780261477125244  0.11921718940524155
  0.12985730699065062  0.13993848720576563  0.14986387558094505  0.15969313170531008
  0.17022465060745667  0.18109015458325717  0.19265407510706381  0.20477668111165898
  0.21635199215920567  0.22731325658797930  0.23780893162624439  0.24833136404188502
  0.25900817398679654  0.26938456102149977  0.27961044234624688  0.28993638250354004
  0.30071070150333473  0.31108719431148679  0.32247316557129907  0.33307382848219214
  0.34338866897319514  0.35297144595155489  0.36294805511442729  0.37365890465651164
  0.38410015818349580  0.39541867761820249  0.40616598954280536  0.41564218498443417
  0.42521604823895437  0.43531546513923375  0.44645869906341701  0.45756323562935941
  0.46815221843108062  0.47892654333308221  0.48994595587616985  0.50146368640438832
  0.51315693186182254  0.52367704324583764  0.53345902964800729  0.54330643788073096
  0.55351106906239445  0.56322814561020040  0.57220095707230634  0.58118510622286024
  0.59172001084520187  0.60344576245735493  0.61430204286084333  0.62448720372961464
  0.63390637824796303  0.64342200004232619  0.65323592471731895  0.66279616040407952
  0.67247915360412858  0.68189934408690722  0.69176903365973930  0.70140876611367697
  0.71114000888167572  0.72127997360184393  0.73196545365725196  0.74255110706556060
  0.75304986059056733  0.76357489361087172  0.77435723442010373  0.78512931188214141
  0.79623579206569128  0.80777101178935262  0.81907942538144574  0.82990292520525299
  0.84012572265571062  0.85018737417730506  0.86061249469650669  0.87114455164844951
  0.88216171893872941  0.89316811559965370  0.90442565860956547  0.91563818853116352
  0.92608113794614644  0.93650789283192759  0.94704102428590464  0.95728628150647743
  0.96730392761360728  0.97725314341353653  0.98874924114700391  1.00000000000000000
 -0.00228977592108276  0.00999990140404194  0.01907605715596933  0.02885464144341712
  0.03924059099955382  0.04994965002192425  0.06012894167989908  0.07004738200068421
  0.08041927022143458  0.09178583095008259  0.10391098017986083  0.11594731094292468
  0.12789717837123671  0.13901938054973123  0.14935835521375695  0.15935308578794324
  0.16975311557778741  0.18023158465462882  0.19058034143184241  0.20084231132081973
  0.21124530959299881  0.22186864982797444  0.23234084739964589  0.24294699377577869
  0.25496692803443127  0.26779668825414327  0.28072852006997256  0.29334000194767218
  0.30542098865997358  0.31700276912712672  0.32831677827113664  0.33968211036412638
  0.35079204506583239  0.36145551171690216  0.37208696104065453  0.38236720451045991
  0.39337332688200460  0.40440839864449030  0.41553297701901032  0.42590653352686181
  0.43622866257565335  0.44588901696855310  0.45509785125438185  0.46330383779268181
  0.47143031599169172  0.48004868052292904  0.48981590855018120  0.50058293362543504
  0.51154718998584470  0.52223239160349177  0.53253207585754969  0.54253942614690642
  0.55275409024024247  0.56321217268034784  0.57399894805755802  0.58547597232084558
  0.59690037623844794  0.60839098658720103  0.61889771119937687  0.62878778514530553
  0.63828377238938372  0.64777107440896875  0.65715987577572632  0.66669829096748634
  0.67672236045613521  0.68723106063098982  0.69818228413306893  0.70910046097795132
  0.71964438151462995  0.73003299421303103  0.74006405652733698  0.74899983080664145
  0.75754762742805948  0.76582253654627319  0.77495704724496994  0.78484645936218322
  0.79564195834412943  0.80630296972586690  0.81633994789071906  0.82628673684991338
  0.83581573864758130  0.84601671447040860  0.85619391520799304  0.86648424683546355
  0.87758930263140111  0.88901371910231664  0.90012077718362193  0.91077137794653140
  0.92178169132468613  0.93340188596181306  0.94446878148472324  0.95562546239140811
  0.96681789661040929  0.97837341771234188  0.98925532394279758  1.00000000000000000
 -0.00252366524414194  0.00956365130711824  0.01998264669888968  0.03015547653234128
  0.04094910455766162  0.05219721777432517  0.06358092647461372  0.07544818391162572
  0.08738254488619696  0.09911234442052513  0.10950987638663004  0.11895406417624163
  0.12842297435547423  0.13841376268510475  0.14861401645727285  0.15894566706277921
  0.16914492570070555  0.17929297111198028  0.18896575106126651  0.19824934339292047
  0.20800375542319310  0.21891861844949756  0.22997921582604419  0.24077134303806813
  0.25191762130831707  0.26363724067023120  0.27535269184027178  0.28638386934525056
  0.29688471036900499  0.30708535633844480  0.31770778869668431  0.32854855151335749
  0.33952807669723317  0.34996925144151325  0.36011472298316827  0.37034676624057278
  0.38092102047451809  0.39188046393342696  0.40301804110045708  0.41440169766428825
  0.42552391944182039  0.43597372154826630  0.44612282447188040  0.45648796192326552
  0.46731204418921091  0.47839188839876645  0.48936714703969059  0.50017295380719162
  0.51029085100027016  0.52018526770323059  0.53016496050678996  0.54122988962750185
  0.55362635355078671  0.56650683827767179  0.57953585649180295  0.59120268909486495
  0.60226096298687271  0.61268686529735539  0.62306987374321665  0.63368602403484109
  0.64399007628047644  0.65401240135579086  0.66365441504831846  0.67363656103386260
  0.68385636574111353  0.69376252420860651  0.70293222540739120  0.71241149689819550
  0.72257479960723603  0.73297056352036882  0.74346853193184970  0.75325513185445392
  0.76219241681900762  0.77120640191857537  0.78102263240422398  0.79166495089092226
  0.80186026546727396  0.81106299517945313  0.82050409032358118  0.83048005117098123
  0.84151936061049593  0.85335272115861660  0.86559346193430642  0.87717715340824931
  0.88747666216387011  0.89719206419612740  0.90712617641434667  0.91724818036257261
  0.92718049682211723  0.93680607886893219  0.94675333028698228  0.95682646171406738
  0.96695323729766502  0.97794492775703934  0.98907602106106773  1.00000000000000000
  0.00231660921524769  0.05257551563137348  0.08286613299131269  0.10036898776189208
  0.11410119379226487  0.12541037327889443  0.13478929587857008  0.14234011993901988
  0.14937379549469260  0.15608031633023772  0.16231431906679830  0.16890953432547376
  0.17511460677733331  0.18115436784876521  0.18713889224320579  0.19292603763361646
  0.19858701413797786  0.20450728921086564  0.21076257216353708  0.21688517001589985
  0.22289791075901863  0.22848583979529466  0.23419535288931775  0.23986942514075399
  0.24504137401542236  0.24973862882445494  0.25420488146040859  0.25860735027394510
  0.26307336884157112  0.26787298051258029  0.27338853227832682  0.27947758059145517
  0.28545447119604550  0.29133976251620908  0.29713216105867463  0.30253890326028010
  0.30765799054750009  0.31269534280016431  0.31774189203821473  0.32307973532068468
  0.32857017267671135  0.33437860726063329  0.34016846644023135  0.34618404185467183
  0.35222143345809465  0.35813317799869498  0.36401392756604112  0.36996271550672760
  0.37599565041598781  0.38209932196063939  0.38809807066847118  0.39399889130201621
  0.40008367937962130  0.40632083546719094  0.41268897968024360  0.41940320142076104
  0.42615556042897096  0.43287344615461032  0.43964919049465484  0.44645964427648682
  0.45345134240325508  0.46063138938362930  0.46823062177919456  0.47598185748875316
  0.48363033691350055  0.49102786805316306  0.49840053349896907  0.50613212579153533
  0.51442629560215003  0.52319123925472888  0.53153351567152551  0.53979023678093152
  0.54714641045809698  0.55483267483646093  0.56267567120575179  0.57136987909572601
  0.58057063182172142  0.59009985183726155  0.59985568717627358  0.61004274152884852
  0.62074613443795867  0.63153018811754014  0.64222233239763227  0.65296592601456993
  0.66455815998336187  0.67778858319294999  0.69252683622120026  0.70752217461848310
  0.72299317070412850  0.73931463696890620  0.75801645140483243  0.78189510058250211
  0.80885833563668896  0.84248153491009148  0.89019138411109588  1.00000000000000000
 -0.02000241359141117  0.11727498839827945  0.15356429506624367  0.17731809317711447
  0.19513516590407645  0.21021068731105455  0.22395475367322767  0.23700163132339766
  0.24960154163457851  0.26127313981002720  0.27188253959497821  0.28178497132291963
  0.29136720002798816  0.29914201222610676  0.30645100164979777  0.31343453976400193
  0.32006732421979828  0.32673331084113288  0.33347197504539289  0.33993757089149473
  0.34611972253790679  0.35231415444905562  0.35892634849338512  0.36568195811600734
  0.37184393950063971  0.37756331390764414  0.38323182433394615  0.38903764264600810
  0.39498509252494840  0.40087707307920351  0.40657074912233676  0.41214063301330639
  0.41764250854249202  0.42329428691961013  0.42884110556929961  0.43425455572670801
  0.43947978212645267  0.44449206079076753  0.44957982604291430  0.45483935503431366
  0.46034358351927462  0.46584921327208106  0.47118015086659970  0.47634926027024721
  0.48156865087856798  0.48696876863755112  0.49247672049782110  0.49803450128633270
  0.50361639657157065  0.50927295482272672  0.51468631222052941  0.52032663249430766
  0.52600707175809769  0.53173530140987668  0.53760656589510303  0.54270904275879950
  0.54780993773297126  0.55312020895420533  0.55892840609541750  0.56511669330905612
  0.57113958239957441  0.57695210385485818  0.58265720003516464  0.58802682066222756
  0.59348450705423694  0.59902455688323186  0.60477194737658069  0.61095744055558776
  0.61693090809142559  0.62304444462077457  0.62937598573774844  0.63560793038903984
  0.64184745062636184  0.64820446749703109  0.65472483410394389  0.66164248798042757
  0.66871143890006279  0.67567730963847994  0.68272016201411856  0.68972020917677512
  0.69672998518553908  0.70409899063141546  0.71211383295861996  0.72162007883554424
  0.73093765621928630  0.74030540923568033  0.74953966709369479  0.75907082654669111
  0.76987053763949309  0.78256074192622715  0.79625201187484373  0.81097285835178379
  0.82768329182957390  0.84850425433196297  0.88505102049900208  1.00000000000000000
   1.3710016105699999E-010   1.1912660476200001E-006
  <DiscreteSampler_grid>
  Helicity
  1 # 1 for a reference and 2 for a running grid.
  80 # Attribute 'min_bin_probing_points' of the grid.
  1 # Attribute 'grid_mode' of the grid. 1=='default',2=='initialization'
  0.0300000000000000 # Attribute 'small_contrib_threshold' of the grid.
  0.3330000000000000 # Attribute 'damping_power' of the grid.
 # binID   n_entries weight   weight_sqr   abs_weight
    1   4156   5.968251869831141E-010   5.519301892639020E-018   5.968251869831141E-010
    2   369   4.207292479203037E-011   5.801504918348496E-020   4.207292479203037E-011
    3   209   2.866646546352581E-011   1.082753970086662E-020   2.866646546352581E-011
    4   3970   5.532640953233363E-010   3.931595571571878E-018   5.532640953233363E-010
  </DiscreteSampler_grid>
  <DiscreteSampler_grid>
  grouped_processes
  1 # 1 for a reference and 2 for a running grid.
  10 # Attribute 'min_bin_probing_points' of the grid.
  1 # Attribute 'grid_mode' of the grid. 1=='default',2=='initialization'
  0.0300000000000000 # Attribute 'small_contrib_threshold' of the grid.
  0.3330000000000000 # Attribute 'damping_power' of the grid.
 # binID   n_entries weight   weight_sqr   abs_weight
    16   10   3.122286301850000E-002   1.419116791420000E-003   3.122286301850000E-002
    22   10   3.122286301850000E-002   1.419116791420000E-003   3.122286301850000E-002
    10   10   3.122286301850000E-002   1.419116791430000E-003   3.122286301850000E-002
  </DiscreteSampler_grid>
