  0.00033312906380365  0.00036219796112707  0.00037548033878710  0.00038755060779445
  0.00039978290836242  0.00041274876393054  0.00042445836507408  0.00043509122657858
  0.00044512595213134  0.00045482803211410  0.00046429170364445  0.00047355703720230
  0.00048261694000675  0.00049179508202597  0.00050120242096248  0.00051074490259107
  0.00052023442372204  0.00052947421606474  0.00053875543347643  0.00054814776252542
  0.00055765299397252  0.00056743257858092  0.00057774601415832  0.00058841442318533
  0.00059947643550664  0.00061075037186478  0.00062141597954402  0.00063245291856146
  0.00064375087524323  0.00065660267444543  0.00066996227847737  0.00068373291886163
  0.00069790366198346  0.00071301153747365  0.00072935634076457  0.00074528441309656
  0.00075795727498606  0.00077064886504781  0.00078495514061006  0.00080254778878845
  0.00082509665744663  0.00084837416373244  0.00087356736800644  0.00089964050943439
  0.00091864887425817  0.00093823547057963  0.00095960129590753  0.00098207204359572
  0.00102021203944837  0.00105290984763416  0.00108244073211728  0.00110731200793554
  0.00113738785979429  0.00118377114868924  0.00125700866923026  0.00135971773159988
  0.00146523762294131  0.00156243333835310  0.00164648318384376  0.00172882070055647
  0.00180716306693892  0.00188978281397107  0.00199512240027096  0.00211997146383159
  0.00224416139800916  0.00235331482990623  0.00249391023800795  0.00256543403119600
  0.00262875348941996  0.00269276049838485  0.00276004805649809  0.00283932265197142
  0.00296899933908102  0.00312881372644724  0.00349901915165742  0.00378937293380785
  0.00398248324458513  0.00420521563133554  0.00464547610517857  0.00532579741755239
  0.00578240521764235  0.00605882296831937  0.00633524071899639  0.00654551464533089
  0.00675347813829479  0.00696144163125869  0.00711791539984852  0.00726792212801740
  0.00741792885618628  0.00769271369308855  0.00799700835676864  0.00900090189588859
  0.01127340820638100  0.01700877322261627  0.06186671753343670  1.00000000000000000
 -0.00136185488578803  0.00725202296453752  0.01446998548499948  0.02193234652846140
  0.03416636910937492  0.04757749044282032  0.06036134004852794  0.07252607115826781
  0.08437675544772148  0.09610384743036142  0.10811799666059667  0.12008396838769786
  0.13235946756841133  0.14443460849614531  0.15691298886173574  0.16897602796800931
  0.18123575936612904  0.19290809151449678  0.20415459533746372  0.21446918294298736
  0.22488754310757308  0.23537144597181389  0.24636244851991659  0.25775586492582858
  0.26961734687347694  0.28219829518604100  0.29333290041610571  0.30434733668694608
  0.31440917352107067  0.32367311931832071  0.33165785002924364  0.33959059353300070
  0.34697149980702591  0.35567374017954034  0.36397801407971231  0.37265828925557393
  0.38218544119693970  0.39256137736330143  0.40344188055101005  0.41524038143943959
  0.42734456198031029  0.43977324380105010  0.45212002650254923  0.46382980501681492
  0.47452899792254277  0.48417860241735972  0.49231869951696439  0.50108159731278201
  0.51021756492492720  0.52023484463142888  0.53104602604923623  0.54267855220146244
  0.55527763427976129  0.56783554248761969  0.57976766794090950  0.59074234884929189
  0.60106292542993989  0.61128067950413500  0.62205771285868727  0.63143025410489639
  0.64063677228892246  0.64995134517353148  0.65983178580570012  0.67160668296065873
  0.68379798430832595  0.69639946864191682  0.70689045599626987  0.71464009238441284
  0.72050217999780097  0.72644608827448209  0.73374539510065295  0.74100334796662970
  0.75043279780330630  0.76176503849481059  0.77240596749773482  0.78252820866397754
  0.79194110642054050  0.80298302182113657  0.81339080684059617  0.82311305747471608
  0.83045132257064014  0.83747971117681363  0.84472158900625627  0.85254340988765354
  0.86333167034644176  0.87457400158558696  0.88696477275509689  0.89933074413529379
  0.91220112931881370  0.92439616479241637  0.93667680150146271  0.94903216773105126
  0.96188372064524896  0.97459945521468139  0.98740055871761834  1.00000000000000000
 -0.00222231824439825  0.01025311624249002  0.02088776287302139  0.03311231554070539
  0.04489934275656939  0.05715237904309847  0.06901468639184952  0.08153554613570142
  0.09161144746982244  0.10180166422483586  0.11187450071137411  0.12221662784394859
  0.13362605256209450  0.14384998304106628  0.15392250987099276  0.16422973587803552
  0.17537663209277610  0.18691488337403245  0.19815313521503414  0.20913951361882013
  0.22014669829999597  0.23218964149829274  0.24479522456642472  0.25753452945668770
  0.26992069894838350  0.28161261203848575  0.29237611343391928  0.30291739434883502
  0.31382411537877847  0.32535416094498809  0.33646613012724758  0.34719952340128485
  0.35726445397378193  0.36863796170321089  0.37955357865909001  0.39074944723765331
  0.40175524920835370  0.41284285118545494  0.42484512320391010  0.43636898610992836
  0.44726820332618644  0.45785415940284435  0.46777756368093676  0.47860985506985948
  0.49018686404435285  0.50248759545712507  0.51482600045964344  0.52383205775221930
  0.53166634251801448  0.53959143638006757  0.54476131389000726  0.55039271456683658
  0.55844040209251589  0.56609202141974202  0.57400500556429002  0.58458361837613371
  0.59680263108620246  0.60849401550950111  0.61984246603483506  0.63070708932407171
  0.64196962985653550  0.65018422839453605  0.65853300240442070  0.66711263711312574
  0.67521549275713055  0.68605744013307945  0.69849550109194525  0.71060500012321492
  0.72109816171674579  0.73167332268662322  0.74162826697112838  0.75165317278901345
  0.76142930902076666  0.77079117461352842  0.78085482051170219  0.79158685937226714
  0.80321957987063775  0.81562837736212057  0.82674905980592894  0.83594778285015992
  0.84439031870428694  0.85402916698851983  0.86397297269608264  0.87351010158192233
  0.88345372414261303  0.89397013159593719  0.90503056731478315  0.91631547869324215
  0.92728137168737257  0.93766796741640956  0.94756011026617615  0.95780896303856289
  0.96798400961705755  0.97877310702913656  0.98924373353253781  1.00000000000000000
 -0.00273133581467933  0.01251476239624877  0.02466956139274429  0.03651437333191285
  0.04843601339186310  0.06007182478344049  0.07168996816128612  0.08339571645101974
  0.09516206610605672  0.10723881344945174  0.11898760843794876  0.13063220674643164
  0.14207484861252814  0.15407393483388740  0.16613427268140071  0.17835736515029604
  0.19051850531033104  0.20206145331023209  0.21153682944398175  0.22072626014861918
  0.22973373689291848  0.23984771727097773  0.25211735506481170  0.26277424457342252
  0.27042174995255175  0.27807782856500413  0.28647821428580228  0.29546505237754644
  0.30639813766290597  0.31747709059451190  0.32560787227699201  0.33222725648715962
  0.33898956528170920  0.34543932495837543  0.35348793661187361  0.36415980785699631
  0.37428818933490704  0.38383190228489877  0.39442857563366424  0.40527177631110872
  0.41689703475717133  0.42864464139891317  0.43892982377905909  0.44953931232427391
  0.45996314457004450  0.47069522953049303  0.48165299387336202  0.49241094360964488
  0.50471196217048553  0.51585718109921463  0.52701337757459077  0.53809656749887924
  0.54982935252440146  0.56224359156677128  0.57322152250780312  0.58404864356829489
  0.59459718222082591  0.60502846999767290  0.61518078779850660  0.62503317083590060
  0.63499785172398149  0.64502633545488275  0.65579233583241392  0.66585857615761268
  0.67552109094023272  0.68502199807788622  0.69454240015051616  0.70544163563023754
  0.71523417907276632  0.72509154749930504  0.73550785441340860  0.74690685342161978
  0.75899975408955800  0.77022135139246894  0.78110488539914236  0.79103088999771276
  0.80068874371469001  0.81051720755385093  0.82168269494423174  0.83318711874493712
  0.84367463151406397  0.85052130441634022  0.85719285157610448  0.86383134749593593
  0.87072237342631098  0.88056167997983037  0.89071220577346000  0.90245391916226392
  0.91548333374389446  0.92849387513236270  0.94139614490945622  0.95437464288488671
  0.96715507397457245  0.97912490232597671  0.98981401997996576  1.00000000000000000
 -0.00194466302366092  0.00853745173487730  0.01785293708022811  0.02887459576989267
  0.04039196683720824  0.05086620260444329  0.06092602901859882  0.07172274986334126
  0.08317954935284821  0.09488895285325902  0.10679303944123804  0.11876769563459059
  0.13149951793044362  0.14085358823860988  0.14857962641377095  0.15617328024984681
  0.16380565154436197  0.17180359525877198  0.18315171989341339  0.19493745208595969
  0.20646312643469319  0.21798564591795036  0.22980014318416350  0.24183857878661258
  0.25353429116422516  0.26500639720281105  0.27655935559802058  0.28815452800645780
  0.29953858190657906  0.31074572452412308  0.32208937094955642  0.33260239472954095
  0.34124039500561548  0.34972308483528164  0.36005554900529174  0.37095204571007001
  0.38144545230385990  0.39129918689953491  0.40161049669699622  0.41282112330240828
  0.42360392407578257  0.43312149721024201  0.44237012290591182  0.45132731522040814
  0.46158864383856035  0.47341622898224789  0.48603077701873237  0.49832681570585369
  0.50964556845349851  0.51875036762565496  0.52654107135390771  0.53480819220004416
  0.54294554863458189  0.55150845684262850  0.56274837415953916  0.57441953392057876
  0.58591589784897702  0.59692071740140407  0.60726191574858479  0.61819131892941437
  0.62973855916119759  0.64069324367582681  0.65001564962959668  0.65862765040869375
  0.66581198088201021  0.67349533966321851  0.68328128730731963  0.69634880236327290
  0.70893300125916614  0.72018717370184948  0.73069281549064069  0.74026175582620568
  0.75000644567901409  0.75950272061104707  0.76997780774735658  0.78128461054383425
  0.79281137573337657  0.80442085926582929  0.81622386936413893  0.82804161188493763
  0.83941389055314453  0.85000808574042930  0.86050027241717708  0.87040001526832700
  0.88051789873713526  0.89098692814742186  0.90146623163418815  0.91211994534341767
  0.92171660796626786  0.93135195309705165  0.94082398375539056  0.95016285117808896
  0.96144954487938505  0.97317398075852624  0.98691283020500997  1.00000000000000000
 -0.01442832102651597  0.07778042976599474  0.12880626536781747  0.17034738758580187
  0.20463060761881793  0.23219450054532526  0.25529711713440728  0.27674205387006651
  0.29817627305378736  0.32006078428153401  0.34207027859543693  0.36237490946314105
  0.38066590053069038  0.39806760411966147  0.41278513209273709  0.42694974330754926
  0.44008704290658424  0.45076385427034871  0.45992990100917730  0.46804641355483467
  0.47559410337446972  0.48224532615252425  0.48765707399430974  0.49250056022555500
  0.49708590350384479  0.50187127473832616  0.50663993368917060  0.51105007374362876
  0.51530020297976054  0.51949171603235111  0.52357330496328358  0.52790054237826678
  0.53219374450874357  0.53639239898017765  0.54042760217130414  0.54429643168483033
  0.54797416625256767  0.55150684346439316  0.55495069950428022  0.55847680114873244
  0.56203015114884614  0.56561368695598646  0.56916224730211151  0.57269476221511217
  0.57635331878542151  0.58012978247133218  0.58395109950063406  0.58774631555024170
  0.59158719710513308  0.59566682492827683  0.59991844883557988  0.60426022657215717
  0.60875481374993590  0.61359849992167037  0.61882396502293968  0.62445390494838937
  0.63068304832224031  0.63752224181774464  0.64394148443124266  0.64927385167258922
  0.65457370098484802  0.66014886736719436  0.66604120934045641  0.67523606720766205
  0.68536319009148672  0.69488615671651899  0.70095077536522443  0.70739989110584889
  0.71382486807571299  0.71999192012672486  0.72787765735563947  0.73708851737559022
  0.74633965343316122  0.75553835550523485  0.76496397547220429  0.77447770010507688
  0.78356656190180463  0.79260700256996330  0.80204293760076839  0.81253894200508403
  0.82397536010612149  0.83532431771069249  0.84628383416324349  0.85556257079092335
  0.86433863562581681  0.87260138288862821  0.88207289648932452  0.89254284159271557
  0.90267440831354662  0.91176286797575001  0.92011599382961984  0.92940330052370135
  0.93875292657527720  0.94917418167762357  0.96674072274506861  1.00000000000000000
 -0.02953890030413961  0.14068967538367058  0.17903404214006255  0.20134840384359851
  0.21790166638239306  0.23153371618442103  0.24394084802050264  0.25588732631871181
  0.26691970702714929  0.27715636274996752  0.28556360682892218  0.29329415738795755
  0.29993285274368636  0.30710788422745072  0.31464725897730189  0.32263716799566633
  0.33088195128152054  0.33878306045578832  0.34639991700562772  0.35352634317247544
  0.36055563642162497  0.36745516576400011  0.37411181141228428  0.38036110432969172
  0.38620178311656450  0.39185148927202679  0.39760176540342063  0.40258598353699765
  0.40596635037700735  0.40896844578754160  0.41210872252624242  0.41527228802798316
  0.41925945208919241  0.42433021514017633  0.42988451241355802  0.43568401120195505
  0.44193818227276638  0.44819316221576777  0.45408075114798463  0.45971519055902627
  0.46506044304453842  0.47041479796192709  0.47587312555888067  0.48168392219389478
  0.48732744295743485  0.49317038677925135  0.49904979017755735  0.50479132541427962
  0.51025231658298398  0.51541683267733607  0.52033279861534765  0.52521877698460873
  0.53049904815951099  0.53590172989553597  0.54073216389880974  0.54459416475507805
  0.54788251297551338  0.55130162028880869  0.55531214084042735  0.56014813890285986
  0.56356825005339750  0.56696072836998512  0.57035394764515279  0.57380190837920353
  0.57793204879405424  0.58327652596681945  0.58902778370206288  0.59506657811530106
  0.60049415754831148  0.60628102421296159  0.61204317144691656  0.61853251596084147
  0.62531069943818407  0.63218136737670771  0.63915959974018033  0.64553581066468246
  0.65120190819660806  0.65705461814505806  0.66313032509046876  0.67041053960451602
  0.67841134573526685  0.68624989141802895  0.69406376661551095  0.70210999992307921
  0.71094511484574396  0.72026822912708888  0.72994303405947691  0.73760056739045676
  0.74559737480200594  0.75377387035476695  0.76426389254378446  0.77897999642852755
  0.79668981202794487  0.81982809378051891  0.85659116441566041  1.00000000000000000
   4.5113258158800001E-011   7.4534269999999993E-005
  <DiscreteSampler_grid>
  Helicity
  1 # 1 for a reference and 2 for a running grid.
  80 # Attribute 'min_bin_probing_points' of the grid.
  1 # Attribute 'grid_mode' of the grid. 1=='default',2=='initialization'
  0.0300000000000000 # Attribute 'small_contrib_threshold' of the grid.
  0.3330000000000000 # Attribute 'damping_power' of the grid.
 # binID   n_entries weight   weight_sqr   abs_weight
    1   15300   2.174895428475192E-010   4.943973482939498E-019   2.174895428475192E-010
    2   2322   5.127962034046137E-011   7.014758680227821E-019   5.127962034046137E-011
    3   6165   8.336170420304347E-011   3.263354077437579E-018   8.336170420304347E-011
    4   17022   2.321841526737986E-010   7.019911644006838E-019   2.321841526737986E-010
  </DiscreteSampler_grid>
  <DiscreteSampler_grid>
  grouped_processes
  1 # 1 for a reference and 2 for a running grid.
  10 # Attribute 'min_bin_probing_points' of the grid.
  1 # Attribute 'grid_mode' of the grid. 1=='default',2=='initialization'
  0.0300000000000000 # Attribute 'small_contrib_threshold' of the grid.
  0.3330000000000000 # Attribute 'damping_power' of the grid.
 # binID   n_entries weight   weight_sqr   abs_weight
    16   10   2.968788965890000E-003   2.664870465520000E-005   2.968788965890000E-003
    22   10   2.968788965890000E-003   2.664870465520000E-005   2.968788965890000E-003
    10   10   2.968788965890000E-003   2.664870465520000E-005   2.968788965890000E-003
  </DiscreteSampler_grid>
