  0.00032735443027218  0.00038503985643753  0.00042039722648718  0.00044801749446716
  0.00046850899372275  0.00048725378019788  0.00050468027016396  0.00052097416451500
  0.00053681464115994  0.00055235638467158  0.00056571540490187  0.00057876548687402
  0.00059181388143859  0.00060275447408665  0.00061242378857489  0.00062168370660799
  0.00063272819293642  0.00064333108313937  0.00065530319844810  0.00066934871551397
  0.00068377425511730  0.00069706284432339  0.00070999370038803  0.00072255690373510
  0.00073411443347115  0.00074610395659195  0.00075929856732606  0.00077360862336289
  0.00078629544198728  0.00079882146002981  0.00081230971457848  0.00082703369016588
  0.00084143273121289  0.00085565235938470  0.00087136413604759  0.00088739199239672
  0.00090083192493793  0.00091251905421755  0.00092347716208523  0.00093447418588345
  0.00094805159104544  0.00126110361731551  0.00137100927720615  0.00138816264416981
  0.00140531056584519  0.00142061893289800  0.00143725259513446  0.00145402851693599
  0.00147537983527136  0.00149335099554543  0.00150597738291547  0.00152955117010623
  0.00156146714336478  0.00160856427653409  0.00166927250113611  0.00174045876169498
  0.00181737449318183  0.00189381714471214  0.00196960899606060  0.00204701162650308
  0.00210533839838952  0.00213192565949956  0.00215511717392290  0.00217488904718042
  0.00219030449066079  0.00220595961775368  0.00222316239750618  0.00224314692122284
  0.00226415394101788  0.00229484054249289  0.00232275115795624  0.00234891190294471
  0.00236882463042060  0.00238856581133387  0.00240670963928859  0.00242817759613744
  0.00245318378428923  0.00248704832185030  0.00250926968010350  0.00253998881471872
  0.00257070794933395  0.00270961424131176  0.00286176488133153  0.00300501512293229
  0.00314269522311390  0.00335860235966877  0.00356559570515168  0.00373386707747988
  0.00388157301314980  0.00397758612685316  0.00412538076119823  0.00466992881595119
  0.00551135503198776  0.00670940221493768  0.01476474002144311  1.00000000000000000
 -0.00009523829668234  0.00084012674804438  0.00195983566668661  0.00367339783769352
  0.00562218654539767  0.00840050234701908  0.01232091345508849  0.01707892993721673
  0.02133145218920838  0.02627639750088832  0.03108584878897729  0.03584533371434641
  0.04317454959817148  0.05169747204278215  0.06023658869311168  0.06814298602824104
  0.07685683830926268  0.08685691406503986  0.09575766528145112  0.10240160434637403
  0.10926670122066619  0.11652447778918913  0.12515606894843606  0.13492388402047306
  0.14454180975435138  0.15359787226265434  0.16320811948180780  0.17181788034367459
  0.17884673741959684  0.18567330727901032  0.19334500137784724  0.20212677581986668
  0.21093386022100372  0.22010504884305843  0.22886675570283607  0.23840491365295979
  0.24813714813696958  0.25794958319524930  0.26875311018979459  0.28031862035705474
  0.29195175203647061  0.30386274063276397  0.31223315932464035  0.31612099678219779
  0.32008921229000142  0.32453201001720811  0.32980143645036897  0.33559827781489476
  0.34062257037345844  0.34443023519100141  0.34750777584853587  0.35072178082300209
  0.35410709811849150  0.35880983679080558  0.36422173051822421  0.37085020485745829
  0.39165860105936701  0.40867559325796365  0.42470425600118550  0.44164400683118549
  0.45835484178785268  0.47255648019818530  0.48518204187292191  0.49646185141332194
  0.50738646629686590  0.51811062415414610  0.52967075627323823  0.54185800699950204
  0.55723728219701207  0.56591178276706733  0.57354847484332272  0.58218528735980024
  0.59104340010019263  0.60009130153672885  0.60854183540144868  0.61557961105935588
  0.62681237410111579  0.63981951769051415  0.65407996997812090  0.66836911882950811
  0.68356747431816023  0.69978793687816021  0.71625587836715099  0.73238476709015399
  0.74823465332956796  0.76598322341607394  0.78777310588594929  0.81478608211505998
  0.83702100835566395  0.85786299903932517  0.87602912625507789  0.89472140349268225
  0.91508781387481075  0.94140603713523685  0.96902300064113533  1.00000000000000000
 -0.00272099717169266  0.01156525776768959  0.01683532956965263  0.02269352748495822
  0.02880925331555059  0.03482956324960661  0.04100366770824599  0.04907667599953777
  0.05936852068546122  0.06942363964962886  0.07856224191229987  0.08634221175844009
  0.09258930286981513  0.09812879887847362  0.10487890978316930  0.11293726043364684
  0.12582060820861798  0.14245138551946068  0.15879514879363235  0.17307143002577527
  0.19157729613394442  0.20753144703453530  0.22186712573690193  0.23641535514285061
  0.24891529463635642  0.26171953209787685  0.27515975979100055  0.28699427009704753
  0.29829451918679745  0.30897674808318021  0.32111174063316966  0.33042266475001719
  0.34033245150149166  0.35112329407327358  0.36315982971145588  0.37691778845892260
  0.39101821126161501  0.40618843939203059  0.41845559032287671  0.42948669740223605
  0.44061157648700111  0.45214798264241307  0.46397560216438077  0.47595183186198559
  0.48863625470441630  0.50198987978417575  0.51769742110438643  0.53164036176371476
  0.54600664681697364  0.55921494918110648  0.57082619737487372  0.58146461983013642
  0.59176710177013148  0.60451233913425595  0.61796908824264374  0.62978338320927330
  0.63961502688425786  0.64708564400514068  0.65522477471379681  0.66453509827440815
  0.67564262230722316  0.68823572434005509  0.69935803075764869  0.70966500950192191
  0.72042691316030683  0.73039848524461415  0.74214802442204331  0.75272458965443001
  0.76464531558149473  0.77837863126653850  0.79529925504811738  0.80721616701023868
  0.81742566398826044  0.82743615240992929  0.83813717703253521  0.85348607872436200
  0.87123434516011677  0.88691412512128243  0.89964169621359591  0.91012780799140269
  0.91901648629544097  0.92777142903852949  0.93687190269600484  0.94800127639246301
  0.95237001190304893  0.95456542821597690  0.95714793008486310  0.95941199628760665
  0.96147921987489615  0.96360182716198961  0.96597843039309217  0.96886790771748588
  0.97187569364250603  0.97929957766647857  0.98958743712076669  1.00000000000000000
 -0.00241599678034139  0.01694542130727998  0.03442668517299680  0.04895528672781155
  0.06108947362287718  0.07218245145431808  0.08305439852883177  0.09400203350003812
  0.10682342936033114  0.12250103030799792  0.13838769241790941  0.14235777875066982
  0.14584863847471027  0.14853393498906800  0.15117947249477209  0.15412072011235012
  0.15786076856200598  0.16155312972852268  0.16541661049422290  0.16933268183779163
  0.17355810304592950  0.17862928752673718  0.18367597518697071  0.18853167357371090
  0.19384661092978375  0.20046352716271978  0.20727504523431053  0.21334566163363050
  0.22423910218341939  0.24249751542669595  0.25894971346395373  0.27439826355524016
  0.28548042114999300  0.29543952656358780  0.30447181404954682  0.31231872413099881
  0.32259786085293662  0.33234176586143743  0.34174453506064034  0.35054538096702292
  0.35914278054198850  0.36822524452779209  0.37753490221553804  0.38641406550082652
  0.39549733745903870  0.40622651869018728  0.41815005196662391  0.43069384737655347
  0.44288948814329726  0.45535474018445660  0.46721824252522570  0.47738598042277791
  0.48720176335586901  0.49795976233050138  0.51186356137766253  0.52721904677889686
  0.54135841718148880  0.55436085033028637  0.56479957020744420  0.57465725462947526
  0.58338922065725296  0.59074132798577361  0.59974141748945653  0.61167589906147535
  0.62388505767784841  0.63563017920710752  0.64708143827293974  0.66099010693887161
  0.67272241823419332  0.68482712746958663  0.69848459045938605  0.70931604378029633
  0.71787957523109724  0.72485080186745876  0.73285425930025150  0.74296898186143989
  0.75336504949204408  0.76176456085122868  0.77029112687741774  0.78087077901558899
  0.79196195070496556  0.80135646025518015  0.81097445165800375  0.82160995844360396
  0.83549930040760112  0.84998008590281326  0.86627604192553476  0.88411557405580243
  0.89973325234152279  0.91384854603496402  0.92714896966269100  0.93966008996675987
  0.95476459545133308  0.96908633843021519  0.98542578267976366  1.00000000000000000
 -0.00232789471961322  0.01121801343067296  0.02340700721747537  0.03491045921707787
  0.04579325721053580  0.05742019789395563  0.07128939943069007  0.08575989821465022
  0.09868124060128790  0.10833847566374831  0.11790158577332491  0.12775526049307556
  0.13860538825205515  0.14921104005264985  0.15940967900998804  0.16984050768013839
  0.17968629913820910  0.18851129813220885  0.19735322768097466  0.20610424893584614
  0.21713066074761886  0.22840359846054392  0.24086294133710925  0.24968610829996649
  0.25321603306104545  0.25639902419523508  0.25953909357796162  0.26266590458666655
  0.26579205763582464  0.26860024880040151  0.27129773688718739  0.27413296406771448
  0.27692116910922482  0.27915984567840385  0.28935797272756586  0.30504339499416561
  0.32042575265594964  0.33304537821134506  0.34418205860172552  0.35264139487831991
  0.36220811747362819  0.37172600377428100  0.38129436273647827  0.39316423076137624
  0.40496916758209611  0.41370076612937684  0.41969304002276264  0.42574292511482342
  0.43189401645726538  0.43849870227027588  0.44445175443088686  0.45257043220115678
  0.46216799867077035  0.47227700068175255  0.48365627238281284  0.49506107406336852
  0.51027615260603465  0.52405765752011346  0.53712423245145191  0.55037997143893269
  0.56373950408137585  0.57641702178554632  0.59166691284659489  0.60247486716384402
  0.61214300581343661  0.62183538566171226  0.63431729358862865  0.64527394023114548
  0.65555488962249808  0.66901658716356616  0.68204771172153023  0.69547419256763465
  0.70836637392029700  0.72224956256407680  0.73686031677594421  0.75132073417816558
  0.76690337482180282  0.78157278580991352  0.79761709046322415  0.81045543422372224
  0.82313613406688335  0.83449861161793160  0.84606130850814865  0.85951665455769877
  0.87405075733019777  0.88829160618895064  0.90098810753497005  0.91216425243839938
  0.92360286395711955  0.93655305252579346  0.95050467269468175  0.96243507739343559
  0.97446904275710255  0.98269621801997176  0.99123888822036199  1.00000000000000000
 -0.00960689717958228  0.13137339581109780  0.16324906430220129  0.18947634040011083
  0.30569292309114099  0.41613331810377507  0.43031652941468457  0.43693100661861084
  0.44317126041950350  0.44970962824045463  0.45605720554399815  0.46226167728833162
  0.46921744676791755  0.47581825673394645  0.48131488748859863  0.48619261660886026
  0.49083907508284180  0.49587063089539118  0.50137771346633031  0.50683065994637932
  0.51223450266545290  0.51794203481302625  0.52388244713434096  0.52944703215769995
  0.53437302645159734  0.53897100212375693  0.54342904990303231  0.54753093078716153
  0.55197018592044711  0.55661074976572278  0.56149858801786512  0.56553601269973419
  0.56935248955482587  0.57245778036661865  0.57562293847238100  0.57904188448689120
  0.58226020228251996  0.58633000871401053  0.59079930039639483  0.59519687756473116
  0.59947116691388391  0.60434055379683171  0.60941533046378693  0.61609717424929122
  0.62272083461546102  0.62835767363013006  0.63334672653157531  0.63785563861542649
  0.64272894417815696  0.64852807554985203  0.65496344923740046  0.66150148300193423
  0.66757495866214112  0.67291122937239189  0.67778626616081061  0.68316700610464909
  0.68846420951356746  0.69348796358872788  0.70048153172768002  0.70538891408690663
  0.70994022859819805  0.71354866849925513  0.71640909193103064  0.71911957261053261
  0.72137865574455406  0.72396745591975853  0.72654878790436350  0.73103652529457086
  0.73979694059842382  0.74962385624068928  0.75846289662396837  0.76552705626377338
  0.77191331310288214  0.77897968495822245  0.78890142335147184  0.79891149867439848
  0.80320583812095225  0.80615649857704630  0.80868866614534751  0.81110283479201728
  0.81347950398267299  0.81587224935481883  0.81863124522845199  0.82231366259048699
  0.82589786109403573  0.82935145865881310  0.83297637812673575  0.83756611790763291
  0.85045524368670844  0.86430141045563091  0.88091917171318479  0.89770695953048818
  0.91416705321816294  0.93137990529524117  0.94976504397783346  1.00000000000000000
 -0.01976477014834147  0.12925876445351014  0.15941573605587347  0.18122820224805339
  0.19987702372630192  0.21459246149820735  0.22374133591844983  0.23261393732951177
  0.24219927346830786  0.25475136364131462  0.26724273513149321  0.27941354860898659
  0.29237507977444999  0.30545871092894261  0.31711567213119102  0.32602896530635145
  0.33399318610843243  0.34118355409222401  0.34923101519878275  0.35783183876847402
  0.36449950766888228  0.37095574785746271  0.37799005449028789  0.38553299503004962
  0.39222254078375302  0.39904491887303450  0.40669476870661975  0.41535162306226964
  0.42265370807065505  0.42992790169623657  0.43693486288896460  0.44372492534974195
  0.45041199970204604  0.45578964877299771  0.46123652438347440  0.46589819724421627
  0.47093006578676688  0.47689659703912896  0.48257607358054894  0.48678167170354081
  0.49079134984026945  0.49520042773472955  0.49979663753819992  0.50277259383679040
  0.50463656786873967  0.50657839719068787  0.50871545099958104  0.51071862354959863
  0.51231608033158460  0.51372504598521007  0.51517764830953494  0.51690510809841272
  0.51904328549124434  0.52113345547662548  0.52311435577048693  0.53040111345496688
  0.53713304643517590  0.54297391895724001  0.54910041505277529  0.55599145152598006
  0.56161746466316764  0.56671511617684756  0.57171789311788956  0.57544221642601467
  0.57907894808189730  0.58299357376052208  0.58576306805420908  0.58851474121449676
  0.59144085640978583  0.59565855849000804  0.60326908767220855  0.61138238182730376
  0.61880618478286686  0.62673680118952835  0.63505854237236525  0.64340162318269201
  0.65175345038066312  0.66051650049163424  0.67028537679983979  0.68001424792158927
  0.68807744399219484  0.69599279906220357  0.70398759814541989  0.71229156246957148
  0.72241376544151670  0.73336392963185826  0.74438915193528243  0.75495987328947944
  0.76649596985675128  0.77774426132005237  0.79371885572477097  0.81063354295331980
  0.82751671050701592  0.84675661004793767  0.88013933916475173  1.00000000000000000
   1.0945222981200000E-010   6.7945549999999999E-005
  <DiscreteSampler_grid>
  Helicity
  1 # 1 for a reference and 2 for a running grid.
  80 # Attribute 'min_bin_probing_points' of the grid.
  1 # Attribute 'grid_mode' of the grid. 1=='default',2=='initialization'
  0.0300000000000000 # Attribute 'small_contrib_threshold' of the grid.
  0.3330000000000000 # Attribute 'damping_power' of the grid.
 # binID   n_entries weight   weight_sqr   abs_weight
    1   3094   4.509759442634244E-011   5.120483204735002E-020   4.509759442634244E-011
    2   371   2.330662334246781E-011   7.232358246009039E-021   2.330662334246781E-011
    3   1555   4.846913458599446E-011   1.621670653291343E-019   4.846913458599446E-011
    4   3802   4.968355115620549E-011   1.294791911744492E-019   4.968355115620549E-011
  </DiscreteSampler_grid>
  <DiscreteSampler_grid>
  grouped_processes
  1 # 1 for a reference and 2 for a running grid.
  10 # Attribute 'min_bin_probing_points' of the grid.
  1 # Attribute 'grid_mode' of the grid. 1=='default',2=='initialization'
  0.0300000000000000 # Attribute 'small_contrib_threshold' of the grid.
  0.3330000000000000 # Attribute 'damping_power' of the grid.
 # binID   n_entries weight   weight_sqr   abs_weight
    16   10   7.911446078360000E-005   1.785754490470000E-008   7.911446078360000E-005
    22   10   7.911446078360000E-005   1.785754490470000E-008   7.911446078360000E-005
    10   10   7.911446078360000E-005   1.785754490470000E-008   7.911446078360000E-005
  </DiscreteSampler_grid>
