  0.00033312483172366  0.00036230229493378  0.00037391694205411  0.00038441121453667
  0.00039506148543623  0.00040883574993887  0.00042207131531678  0.00043389736466676
  0.00044496583623701  0.00045568907161458  0.00046614064229570  0.00047614852180966
  0.00048575375265691  0.00049531299396142  0.00050503171751565  0.00051503072678845
  0.00052490252915358  0.00053474494013889  0.00054482572380093  0.00055511134241623
  0.00056543951365843  0.00057614335892374  0.00058746960611421  0.00059966460797905
  0.00061186366640580  0.00062412237589422  0.00063626887647915  0.00064903255142957
  0.00066239848371377  0.00067615579508729  0.00069021366668280  0.00070546675092913
  0.00072259170942977  0.00074111520020840  0.00076004530672798  0.00077951394717122
  0.00080228181342055  0.00082561361421771  0.00084932910201899  0.00087491710934093
  0.00090202658910900  0.00092171287564878  0.00094197157199044  0.00096378157481252
  0.00099091718468473  0.00103039843525325  0.00106606575679865  0.00109450155655565
  0.00112408034279855  0.00117290456657609  0.00125244156809536  0.00135674246106631
  0.00144045241965661  0.00151448098117435  0.00158249932721956  0.00165448238292303
  0.00173430775916390  0.00180766082804540  0.00188785248638439  0.00200788716150507
  0.00214956288325903  0.00227424841594910  0.00238517988251302  0.00251407942298828
  0.00260870691117193  0.00272226428272788  0.00284720699301765  0.00303319808993693
  0.00319354716489764  0.00329778547979610  0.00340202379469456  0.00350048515746413
  0.00358208955544434  0.00366369395342455  0.00373583108776176  0.00377889524877100
  0.00382195940978025  0.00390510488024831  0.00411228062424801  0.00470934486655818
  0.00551196628931049  0.00623814084112205  0.00691330593554332  0.00740541828095152
  0.00811985439401855  0.00914306526691994  0.01197296395248052  0.01746803004706717
  0.01746803004707716  0.01746803004708716  0.01781685256628473  0.02882931880807219
  0.03984178504985963  0.05085425129164709  0.06186671753343670  1.00000000000000000
 -0.00129813918180824  0.00745179739967164  0.01493825623405334  0.02261304813931853
  0.03602559834077953  0.04963062683911128  0.06238855796415541  0.07403478807126357
  0.08538590210039046  0.09719612775944872  0.10958839992012795  0.12168269657079414
  0.13389706821629155  0.14673018822419823  0.16010436913643353  0.17251863556311003
  0.18382231812860297  0.19514177084965653  0.20620603005034535  0.21780302201809476
  0.22883050815068903  0.23954854577461221  0.24885305489263576  0.25831446911859313
  0.26828529520896660  0.28045119204392388  0.29172943123547507  0.30281053622473297
  0.31277105292863927  0.32258433277753212  0.33180967128616251  0.34117550799718921
  0.35099814490154629  0.36113892236854578  0.37072988983826038  0.38097210193853026
  0.39192337173142322  0.40349168589958156  0.41505468671018986  0.42347671648340479
  0.43114380163260535  0.43878325065821366  0.44640464385433848  0.45446993619918447
  0.46553362664211950  0.47544737009017601  0.48452957785713058  0.49257040156033577
  0.50192964244620819  0.51131319130868558  0.52114091797963691  0.53001922459205209
  0.53810118111675198  0.54671782276706393  0.55608977560019535  0.56490708691170721
  0.57327528024193364  0.58119731883910108  0.58857447500776083  0.59716908701716753
  0.60816231683678523  0.61982974130481494  0.63082408707191917  0.64157030065495069
  0.65221534560103545  0.66256156307494896  0.67502000500980064  0.68742710691714026
  0.70045807892217826  0.71206914183853154  0.71900910344180902  0.72604475549087488
  0.73337178310683049  0.74066628512186183  0.74909558596782666  0.76036608625534474
  0.77235091859366656  0.78393484500534083  0.79532929351639670  0.80662073035117443
  0.81797482732552673  0.82980612035310153  0.84100398466231807  0.85340457084213495
  0.86517400021020463  0.87683338471591055  0.88931006987994987  0.90188863230352556
  0.91489297424597305  0.92750791973048463  0.94045047967704998  0.95338326320949518
  0.96601059017281732  0.97753871359980715  0.98908503322984354  1.00000000000000000
 -0.00257903106867497  0.00534286950432370  0.01301332335126502  0.02025206594595878
  0.02822223776370489  0.03815839776294425  0.05108035420242418  0.06428611076873490
  0.07766171246321361  0.09037437851399049  0.10280178671421258  0.11437567183156683
  0.12550139057654844  0.13508760913038953  0.14332270278340378  0.15177426601301527
  0.16011074061466155  0.17084017445719310  0.18244751718571353  0.19426880302796748
  0.20578950453233771  0.21717523826847629  0.22927928709789167  0.24170139403792656
  0.25447958674483179  0.26691630542324718  0.27909538591513827  0.29083792676780162
  0.30214247176598175  0.31380356966547313  0.32565015603081027  0.33683313760103489
  0.34669076906784091  0.35654514694451384  0.36765828168583642  0.37966185126223995
  0.39100532319415671  0.40212792151619109  0.41320482265373404  0.42506655063778859
  0.43651223439676756  0.44730494851957381  0.45775126020968554  0.46773865962087430
  0.47889426169943544  0.49048932431284908  0.50177752310786872  0.51266516487297042
  0.52349576369103479  0.53518194855918511  0.54496941920109832  0.55267427380530809
  0.56068421596502260  0.56917090856615327  0.57866505073449737  0.59077888551512703
  0.60304870401263866  0.61488801270519444  0.62689916197944751  0.63863241454074904
  0.64815287638875774  0.65595341083252179  0.66394104580810942  0.67182140008067326
  0.68061171043042612  0.69174076403096385  0.70326299693142935  0.71435009730484544
  0.72582492194581283  0.73673439007588504  0.74702338901206333  0.75697474566630751
  0.76709287779681523  0.77681842411153723  0.78726632837343380  0.79778277641577178
  0.80992951878328512  0.82195977414100307  0.83225115253535642  0.84027784676662731
  0.84537550107758341  0.85130247040921614  0.85740135242181670  0.86339015431480493
  0.87248502803737016  0.88240512945316762  0.89300020603991825  0.90437617521788016
  0.91633876000421322  0.92822093473753864  0.94055557363868003  0.95357615631558201
  0.96666734246404318  0.97870322227576823  0.98937005909040154  1.00000000000000000
 -0.00272123676704294  0.01258636527041468  0.02516181279250044  0.03768102717315433
  0.05004817705709069  0.06222128174003934  0.07446695534564371  0.08631735328189659
  0.09794029766658389  0.10960969604980547  0.12160494561162322  0.13358097082931125
  0.14578839015561718  0.15835545069916279  0.17096217534617922  0.18330177195826503
  0.19553710466374533  0.20776738693083702  0.21978000210223406  0.23149222618253854
  0.24268171078371933  0.25553589906480012  0.26535004586151772  0.27269254231396417
  0.28079588332424127  0.28923231081339235  0.29930202720538890  0.31172545661682660
  0.32227236614063504  0.32936962411506870  0.33640214250019645  0.34211471952140693
  0.34698242949766867  0.35336870759928801  0.36268665672132039  0.37374857705171638
  0.38435259801290650  0.39543733030412814  0.40297537178910364  0.41061941220669368
  0.41838755628036806  0.42635856850029413  0.43784757628360138  0.44957108644343646
  0.46081542373275347  0.47116445373863258  0.48241424018237045  0.48968962925128318
  0.49694583298644318  0.50475548216336563  0.51147736480946138  0.51887464520211157
  0.52909774127902520  0.53969223949133371  0.55209591738840524  0.56505457612202237
  0.57657654579194417  0.58539207602316512  0.59390822302143098  0.60226040432755013
  0.61055794381949779  0.62170842774828217  0.63271535234473475  0.64305427857021458
  0.65385600270694655  0.66433845619375720  0.67350683706369863  0.68277685167761726
  0.69239588634416760  0.70396636501945264  0.71409008077769731  0.72358751119498566
  0.73295329348035543  0.74309809560990092  0.75445231993553785  0.76621811869085643
  0.77819125892743068  0.78948825164720904  0.80025627310813097  0.81098663062116638
  0.82346902999993543  0.83543589718321387  0.84595697654549318  0.85616913414233919
  0.86673643144319534  0.87791723794027787  0.88857104092767225  0.89981340111348529
  0.91227990357707056  0.92486159017324998  0.93781503781502518  0.95039767129791053
  0.96252266583181267  0.97415073709124889  0.98685468804994581  1.00000000000000000
 -0.00186018080705699  0.00907811466700913  0.01941619592081262  0.03151883626699729
  0.04409323579514664  0.05636002570062577  0.06880057084654623  0.08137302703106078
  0.09339787349566508  0.10506557108774943  0.11670768038470326  0.12848983170895442
  0.13824845025243612  0.14572963978723716  0.15237125842195215  0.15878227286864660
  0.16505513184094267  0.17292081074718529  0.18474766924508321  0.19670532896244133
  0.20785692869421646  0.21895855329731384  0.23025327259130762  0.24190091700565147
  0.25390862409347076  0.26596196327075750  0.27818504463553467  0.29036421177117411
  0.30230809048366197  0.31407036303490155  0.32552781512282875  0.33513483651147624
  0.34332184228739837  0.35044278102575277  0.35651563712423895  0.36325168375096123
  0.36990027773200285  0.37639059130949604  0.38374322771308278  0.39122984836304808
  0.39938448181076053  0.40880405270046144  0.42107141175806784  0.43331160819103220
  0.44524814603204083  0.45735460775634862  0.46973458563586928  0.48295350758381672
  0.49606478401023957  0.50782302640793897  0.51885592059694097  0.53019962672835252
  0.54212415536519798  0.55401192658587928  0.56606601657668931  0.57842581150472794
  0.59091354298078758  0.59975634967188662  0.60673933471609987  0.61371246778373234
  0.62083221163872404  0.62960917971403108  0.63998338446464642  0.64890580819991872
  0.65708874322061672  0.66571886168481220  0.67579105464767486  0.68885173248320009
  0.70183342311973462  0.71238549194622791  0.72218249381065691  0.73180825303148078
  0.74321150434267325  0.75431272064268928  0.76545349247227235  0.77699218999821695
  0.78924640942701518  0.80118123984447021  0.81239974819945993  0.82330063903764972
  0.83412288931804546  0.84550548957979466  0.85752965390337643  0.86910865957053773
  0.87980076673529484  0.89023665114551453  0.90090876935840591  0.91193396317371911
  0.92094382079568871  0.92945031049453553  0.93827570694157258  0.94847494139077149
  0.96096615715420819  0.97396275076823002  0.98715183011177676  1.00000000000000000
 -0.01424156964798578  0.08266836904592689  0.13631383652072401  0.17821313071551884
  0.21181638277146783  0.23791078009637356  0.26067555488467692  0.28214937159872500
  0.30291943574950614  0.32413525615205924  0.34593401946499436  0.36562337197682671
  0.38345924471696602  0.40022956845363822  0.41492765106844431  0.42995885519101829
  0.44269934937411382  0.45244450170999645  0.46081575285617310  0.46847718856635168
  0.47579456970884298  0.48176057778464915  0.48719530573664027  0.49212377303186983
  0.49737110894013359  0.50256883726916468  0.50750764144639826  0.51220786358231651
  0.51684010523354951  0.52123541166126575  0.52556792154463505  0.52995488151766112
  0.53429831686403650  0.53852989051578015  0.54259057884272166  0.54646497300690589
  0.55022654828953999  0.55387921078755531  0.55754081153869406  0.56116189951170370
  0.56476382081777154  0.56832591004530275  0.57192039452555599  0.57562752645117865
  0.57941024616370174  0.58320300011448445  0.58708875140113903  0.59114794249967639
  0.59536292050484274  0.59963868851507185  0.60395596100373183  0.60845068510113609
  0.61331722473806516  0.61862154741560638  0.62437665091911154  0.63079442017009701
  0.63795964220558332  0.64584207991788856  0.65412685061755838  0.66296860461995510
  0.67286049351768751  0.68345451572696780  0.69332985935804203  0.70000039646686929
  0.70410070452827644  0.70814820101820075  0.71221084740889373  0.71626837229271123
  0.72268330643260281  0.73171756294770407  0.74108466152052499  0.75030855034083854
  0.75975713876249218  0.76920023206061883  0.77806231040314811  0.78654765908557278
  0.79559605299498415  0.80523654556963309  0.81638540592740183  0.82813227681251433
  0.84065973983233622  0.85052770204526296  0.85684873203419354  0.86227450433228758
  0.86736007298021700  0.87257426080718481  0.87844701334647446  0.88836504087634915
  0.89813209385975068  0.90859860269682735  0.91997734500277906  0.93269303218029953
  0.94261933126347963  0.95356001768071241  0.97213738300279795  1.00000000000000000
 -0.03104613916830834  0.14094798356187554  0.18039402306629237  0.20343577692112633
  0.22045848433601997  0.23460345511609035  0.24750602291942925  0.25955150883305389
  0.27025582702316808  0.27992393665905896  0.28894097939799868  0.29731093416567289
  0.30315290395577438  0.30774440046745177  0.31252850512701813  0.31703130035090255
  0.32139032143977442  0.32733743864757880  0.33326731048894304  0.33970558788900229
  0.34721569646433653  0.35422352606263308  0.36105297432403055  0.36781944979427966
  0.37454325175087783  0.38094500831858524  0.38692691327681950  0.39278088249605758
  0.39867765335493932  0.40342232087145086  0.40675357561300785  0.40992844172443615
  0.41297942565760853  0.41588942488274006  0.41987680579405212  0.42520003517527177
  0.43110402617720728  0.43621554115815231  0.44026590050090475  0.44442736457515791
  0.44855059787284379  0.45268140201246204  0.45858343943908725  0.46415238832521172
  0.46959081106989864  0.47493125308508161  0.48032550001910840  0.48527890200994617
  0.49019733927772263  0.49535363623783940  0.50063092340217097  0.50653950732398345
  0.51261285662740652  0.51855218089914823  0.52385891978563515  0.52905499138840806
  0.53433783672267943  0.53950608982537729  0.54389387194139249  0.54815019105701490
  0.55270493937645804  0.55806657498495937  0.56355557534329015  0.56897376914410958
  0.57431182957348070  0.57961307500935533  0.58522780293100019  0.59150873843079788
  0.59800254314138945  0.60479020473923684  0.61130993710035375  0.61777591338101445
  0.62431886363084466  0.63103569713835517  0.63810740115260578  0.64516784110548209
  0.65240062749138306  0.65972889849120242  0.66735057587074331  0.67517260937699242
  0.68335887748115232  0.69126827908115429  0.69922456380088782  0.70746271484049450
  0.71595381116189261  0.72540667467223752  0.73338221543285842  0.74096746757280518
  0.74882929990316294  0.75766132742262216  0.76995869653491811  0.78575818678703135
  0.80380895229056060  0.82575273457693010  0.85940844976594188  1.00000000000000000
   4.5113258158800001E-011   7.4534269999999993E-005
  <DiscreteSampler_grid>
  Helicity
  1 # 1 for a reference and 2 for a running grid.
  80 # Attribute 'min_bin_probing_points' of the grid.
  1 # Attribute 'grid_mode' of the grid. 1=='default',2=='initialization'
  0.0300000000000000 # Attribute 'small_contrib_threshold' of the grid.
  0.3330000000000000 # Attribute 'damping_power' of the grid.
 # binID   n_entries weight   weight_sqr   abs_weight
    1   15354   2.167225975328986E-010   4.926739168651489E-019   2.167225975328986E-010
    2   2273   4.959319682561608E-011   6.753060362417585E-019   4.959319682561608E-011
    3   6223   8.852817880595242E-011   3.346532484900137E-018   8.852817880595242E-011
    4   16959   2.322388076820797E-010   7.043642249053066E-019   2.322388076820797E-010
  </DiscreteSampler_grid>
  <DiscreteSampler_grid>
  grouped_processes
  1 # 1 for a reference and 2 for a running grid.
  10 # Attribute 'min_bin_probing_points' of the grid.
  1 # Attribute 'grid_mode' of the grid. 1=='default',2=='initialization'
  0.0300000000000000 # Attribute 'small_contrib_threshold' of the grid.
  0.3330000000000000 # Attribute 'damping_power' of the grid.
 # binID   n_entries weight   weight_sqr   abs_weight
    16   10   2.968788965890000E-003   2.664870465520000E-005   2.968788965890000E-003
    22   10   2.968788965890000E-003   2.664870465520000E-005   2.968788965890000E-003
    10   10   2.968788965890000E-003   2.664870465520000E-005   2.968788965890000E-003
  </DiscreteSampler_grid>
