  0.00033680490685461  0.00034465660601727  0.00035100031486003  0.00035712120917152
  0.00036288845693616  0.00036816235760691  0.00037190084257297  0.00037506584598444
  0.00037802901923639  0.00038096516428168  0.00038424041305352  0.00038786618971717
  0.00039129053061355  0.00039456775823557  0.00039777234433342  0.00040099444129753
  0.00040428128381286  0.00040757325604427  0.00041057047236436  0.00041344320566973
  0.00041625707827553  0.00041907869734017  0.00042197079138683  0.00042492374286188
  0.00042790500081095  0.00043083175683001  0.00043375232730078  0.00043663832667739
  0.00043954632420181  0.00044249188802120  0.00044544684260055  0.00044840778666821
  0.00045135034004167  0.00045428274504358  0.00045725539434275  0.00046025553998312
  0.00046326763409036  0.00046628597513017  0.00046925901828734  0.00047227052226985
  0.00047528178535710  0.00047834149343683  0.00048144695222308  0.00048456191755410
  0.00048766531638338  0.00049069002829345  0.00049395316285491  0.00049721555555040
  0.00050050053250678  0.00050380166527388  0.00050711154622417  0.00051044935580213
  0.00051382338019219  0.00051722155601097  0.00052061973553470  0.00052401619365579
  0.00052742940629221  0.00053089307589972  0.00053442135740769  0.00053801747021178
  0.00054178846187386  0.00054566262742901  0.00054955034751315  0.00055351223481177
  0.00055757772617039  0.00056172642506999  0.00056583403974962  0.00057001736417481
  0.00057440125411988  0.00057900964587164  0.00058364095234488  0.00058823885650577
  0.00059247274896219  0.00059568780849112  0.00059886949568132  0.00060200851923010
  0.00060545227425513  0.00060967692858825  0.00061392264604432  0.00061818856124934
  0.00062235833905879  0.00062639244886857  0.00063035207134324  0.00063451083583425
  0.00063912156612310  0.00064407575269096  0.00064915668149459  0.00065378965479652
  0.00066093844923210  0.00066797181730937  0.00067292583413980  0.00067879809921533
  0.00068503593671230  0.00069146556068212  0.00070324161470902  1.00000000000000000
 -0.00194662241580338  0.00966755027152628  0.01959035472193152  0.03067088553707290
  0.04204546346933492  0.05307204176934066  0.06165873326912734  0.06994978168450582
  0.07817689285958035  0.08701214694524423  0.09743753631297593  0.10788230820773524
  0.11824476958402041  0.12862726918856210  0.13900266452821711  0.14942438735933214
  0.15989922600724113  0.17041404554879264  0.18103116220146848  0.19165276561688388
  0.20222414439009004  0.21291315066592909  0.22376854737217919  0.23459331833233768
  0.24534298111939887  0.25627480583574480  0.26745245233078008  0.27860899709327874
  0.28961909787212720  0.30056177949420071  0.31148193058527751  0.32236953084175901
  0.33325920586799940  0.34424555989316374  0.35513472761349385  0.36586695615202935
  0.37667913395800939  0.38763502847352183  0.39840869346904184  0.40895451957273393
  0.41939027221738978  0.42975750460550166  0.43991782743022306  0.45020300393200058
  0.46076745324181784  0.47161500860468614  0.48247809517866352  0.49359173658644856
  0.50461021825466401  0.51538291049035545  0.52597771107873537  0.53641668412693244
  0.54720215073046630  0.55829027896341643  0.56896035545391599  0.57956932916253634
  0.58971915756373039  0.60013097818712458  0.61074517044783605  0.62129917293526482
  0.63209971823581923  0.64302806303533100  0.65426852709350225  0.66555956308354058
  0.67665568293219547  0.68784385082932242  0.69859334972063869  0.70877134079565673
  0.71872098292042019  0.72877359064501601  0.73940446043633623  0.75021551193050007
  0.76121408727077411  0.77221337271924095  0.78318148212520988  0.79418667667210074
  0.80552004831480406  0.81669908420114068  0.82776599231574233  0.83861341558888036
  0.84944987932460747  0.86012007202777230  0.87006669071460874  0.87844907303582886
  0.88684576569159490  0.89512297583042311  0.90475795920492819  0.91509315238534716
  0.92562507956227003  0.93632288376328821  0.94705054581937531  0.95772659399662186
  0.96853200512481996  0.97908692291862354  0.98957690959929856  1.00000000000000000
 -0.00274089936011741  0.01069597278386140  0.02086646752142784  0.03161563065382910
  0.04217798071513825  0.05243739543332354  0.06287917672629730  0.07346800773370253
  0.08416638291862082  0.09443559351757755  0.10491193162549266  0.11566420791833092
  0.12653148543817616  0.13719807109076135  0.14803332919267451  0.15874972610915941
  0.16960301746488904  0.17966721311450426  0.18992160384358406  0.19994126835712123
  0.21050287082088484  0.22101701866087567  0.23154879558592781  0.24208722482013215
  0.25250510505769896  0.26309728547380445  0.27362588742227123  0.28337853249164574
  0.29174616069718518  0.30035851823855675  0.30900502260940405  0.31897441932956860
  0.32999578323212292  0.33990120745831776  0.34886329081270456  0.35780095753487096
  0.36660442194527165  0.37739271907817384  0.38765813208345906  0.39788129815113804
  0.40803406130812214  0.41847563811454247  0.42904448199535988  0.43961358961392927
  0.45047849226704767  0.46144192957333668  0.47238713754517542  0.48306389388176374
  0.49357464996305034  0.50409878872515657  0.51454010600300082  0.52479431107771513
  0.53492771928428573  0.54545711550696541  0.55643411648400209  0.56758181419538756
  0.57844245259414007  0.58917907758725396  0.60001896680714883  0.61106580616481654
  0.62192488190321504  0.63254271313135668  0.64304979520637129  0.65394587844832486
  0.66477495622962746  0.67565143967354802  0.68649610569912234  0.69735627389805666
  0.70853813726193782  0.71963108541187815  0.73066725394059551  0.74165017955013346
  0.75251297309690968  0.76346901424288927  0.77447631569737585  0.78557387877190654
  0.79642422187967044  0.80672372288411420  0.81714568370823226  0.82776519949654637
  0.83870750919736914  0.84975247758804340  0.86088286386531621  0.87199532128216661
  0.88306788588268048  0.89423581271212882  0.90539081726071469  0.91616854866741726
  0.92651409521830908  0.93656945839488537  0.94675460222389307  0.95701315239954354
  0.96742868734965248  0.97808084534672546  0.98891145241291134  1.00000000000000000
 -0.00227481880198151  0.00976561518582218  0.01943159135219209  0.02973309344693137
  0.04026843860801591  0.05100710991400349  0.06174001740488792  0.07245398781199963
  0.08313939417138616  0.09380801289633858  0.10446723426204187  0.11528059130951199
  0.12601880296452336  0.13681940720890484  0.14756933572965689  0.15853050175751021
  0.16927761046732848  0.17983577501733752  0.19031211631552195  0.20085744710235462
  0.21131785898088670  0.22176427420301123  0.23222589844608668  0.24297781210536998
  0.25341569861991586  0.26394869210924260  0.27456806837627851  0.28540711789697382
  0.29602489239188445  0.30648290568246250  0.31722635105718827  0.32779869080695112
  0.33617752483926988  0.34441038093004939  0.35262607501174348  0.36186877760292946
  0.37297028569431057  0.38429435215073615  0.39539555540445331  0.40614230212557922
  0.41670923096564910  0.42726747292430356  0.43787532440545857  0.44841532111959875
  0.45883742438096115  0.46918811151431422  0.47937448276596034  0.48991599287451748
  0.49982083213083262  0.50970510154172199  0.51959975743017472  0.53031427651434448
  0.54136951155101654  0.55217406085162812  0.56274515625049293  0.57151890006475092
  0.58004803544237604  0.58843701050582276  0.59744235227187925  0.60819204946984573
  0.61908968555951471  0.62990640271285836  0.64025644653447134  0.65067591786164769
  0.66126387701501910  0.67212824712028663  0.68334357652782562  0.69426895069201278
  0.70488174597647713  0.71551422501937867  0.72628427466009082  0.73706180103743180
  0.74775962670478158  0.75841787655339987  0.76903705126278399  0.77964973065923515
  0.79039054293508093  0.80124060792581508  0.81218576024663525  0.82311554634207740
  0.83397025274180714  0.84445682362564500  0.85488387684372336  0.86558528758129538
  0.87666263301280467  0.88788162717497510  0.89875179081183643  0.90971449036300733
  0.92079670820799886  0.93193637072650970  0.94311773903564600  0.95418995713056765
  0.96558608517530220  0.97684308227356098  0.98840325098164228  1.00000000000000000
 -0.00198031748137627  0.00990619605444544  0.01991716513548344  0.03070282716571004
  0.04135562845515643  0.05221396376224771  0.06306618866430273  0.07394650750831123
  0.08454280704898860  0.09497447226259591  0.10527202197316160  0.11535024026305313
  0.12549536775888559  0.13586361241222566  0.14643291956932353  0.15705699910712026
  0.16782443102572711  0.17872461182653482  0.18960724789686831  0.20050280780022725
  0.21158825427455027  0.22269549568062466  0.23348043337582919  0.24403851269188459
  0.25448073258568704  0.26493332805482650  0.27534651926252179  0.28586516016764024
  0.29659719467564122  0.30746203113902765  0.31819636483707503  0.32836053889335681
  0.33819115611737116  0.34819976049362156  0.35857211937970651  0.36960294008022820
  0.38057806138454969  0.39164927890400991  0.40286435446944291  0.41426717543438452
  0.42470744830206869  0.43354469111885746  0.44226707026985246  0.45087333807560342
  0.46093271834446253  0.47154233482955882  0.48211307215683086  0.49259564179443016
  0.50312631398863550  0.51362611372638289  0.52415583150472489  0.53472328887450671
  0.54532386585889037  0.55628455041550884  0.56735723108337133  0.57858212369415596
  0.58955380023824910  0.60051473251249898  0.61126244995953527  0.62203862613350280
  0.63282159179719277  0.64383132373013918  0.65494788712948537  0.66615699149975527
  0.67706633553080942  0.68751517811547014  0.69804268040593498  0.70857442902433476
  0.71922185105840963  0.72951669174524869  0.73995968720952865  0.74950312679959530
  0.75782812926340881  0.76608978065021960  0.77458538629513629  0.78461146523602465
  0.79522443416146926  0.80584983572771329  0.81636491442004544  0.82699563913298890
  0.83734381350077602  0.84749868386490967  0.85779374672340525  0.86857549580062032
  0.87958690863846989  0.89074885516037416  0.90183121447768222  0.91303175499673161
  0.92407796982712542  0.93537600365240825  0.94638359198978028  0.95756896942266645
  0.96831402268927469  0.97903922650204589  0.98945037457504637  1.00000000000000000
  0.02574578104725650  0.03983414464505270  0.05226471120396516  0.06487500872657986
  0.07640780466417346  0.08755296193531760  0.09832375656937530  0.10869521994078507
  0.11881905358476053  0.12903894679270064  0.13955652803039018  0.15027161735496278
  0.15947984382145447  0.16772253886849378  0.17588665897681888  0.18381934754861357
  0.19372045936769308  0.20390693898464957  0.21431066333129820  0.22468924748962218
  0.23502062579477964  0.24521250983175497  0.25575904498983537  0.26629271669434967
  0.27668317493416722  0.28699061280667570  0.29723277288504257  0.30746551299357244
  0.31759823998070802  0.32777759681035495  0.33779556003836242  0.34780263919312737
  0.35801197899414500  0.36846715985326067  0.37893923254520290  0.38945566327060333
  0.40010241502076671  0.41080361401339610  0.42156115678081491  0.43228613907457275
  0.44284795769816770  0.45308346227536589  0.46319727038777625  0.47330052213088647
  0.48335834038197756  0.49339523420671982  0.50355127819499101  0.51394823250452082
  0.52446142024256459  0.53499121360289081  0.54529411935318961  0.55541639861678282
  0.56564899133834168  0.57614335007805584  0.58671876968848413  0.59721594458986005
  0.60773945361394544  0.61853027181414233  0.62922766820497622  0.63974654994618230
  0.65023055391788531  0.66100224653490058  0.67185023001508759  0.68269364949058564
  0.69330165643272423  0.70374421655925923  0.71409248414999027  0.72446440172729787
  0.73493108055092249  0.74532784879167302  0.75599427845047185  0.76677438728517611
  0.77734556716372194  0.78782229714010954  0.79832139172273864  0.80911317266850313
  0.81967086953015544  0.83032238459989727  0.84090500310840977  0.85149758243750029
  0.86148835519173650  0.86987060607966293  0.87837762675227782  0.88678772084635893
  0.89631713500482824  0.90590573495064819  0.91487292032898027  0.92362477685125077
  0.93243148234484119  0.94155367007098334  0.95057968000327342  0.95883187166196437
  0.96556260574597119  0.96707851137444090  0.96922995701529879  1.00000000000000000
 -0.01658337269013985  0.11187220066234449  0.14754230066730131  0.17027496422494084
  0.18805307862893678  0.20333703313832316  0.21694736188946925  0.22929945085353279
  0.24078955040102734  0.25152883874811410  0.26168001753774989  0.27133861455378305
  0.28051797119724264  0.28926089789008624  0.29758647077719746  0.30550047216256510
  0.31314440124765236  0.32057210123982599  0.32787214350018262  0.33512105223927402
  0.34225225543180565  0.34922141796790745  0.35602682005604847  0.36263932809484239
  0.36928894075797358  0.37582376525929795  0.38229207049513469  0.38870106708926033
  0.39505218909945528  0.40131172777391361  0.40735901263902025  0.41339833503843781
  0.41933015432513543  0.42513730458017307  0.43091022338711810  0.43670274482879184
  0.44254797006317032  0.44848729385429048  0.45436134466812822  0.46011996648939307
  0.46582535530769942  0.47151833817167532  0.47724258396665903  0.48302573945433530
  0.48872232205747229  0.49431372759442349  0.49982415216873977  0.50517829918781598
  0.51042376562267233  0.51563974312096728  0.52095420676727078  0.52653559615704060
  0.53212965464664375  0.53771853076312393  0.54332916238635864  0.54901567318376354
  0.55473830802169710  0.56045568079261698  0.56620955870932377  0.57148647805146846
  0.57622570178979537  0.58098365825401921  0.58579513937107097  0.59118081955714052
  0.59690569136131222  0.60246616595651681  0.60811866718153196  0.61396479465062193
  0.62028090398717750  0.62665097252265822  0.63303668410166414  0.63952202078067177
  0.64600278339038020  0.65275284534409528  0.65953392303937619  0.66650694886694539
  0.67372246894390520  0.68106338160517410  0.68862247592233028  0.69644630972979893
  0.70448990574131143  0.71282633549919849  0.72144845199872221  0.73035378355420044
  0.73956104905823994  0.74905969447542098  0.75939262029354337  0.77064940350717048
  0.78327488144458401  0.79699476253639945  0.81243889417980519  0.82768546697540613
  0.84268159220193573  0.86088703101002084  0.88907133389679616  1.00000000000000000
   1.4335682921300001E-011   1.3694575423700000E-008
  <DiscreteSampler_grid>
  Helicity
  1 # 1 for a reference and 2 for a running grid.
  80 # Attribute 'min_bin_probing_points' of the grid.
  1 # Attribute 'grid_mode' of the grid. 1=='default',2=='initialization'
  0.0300000000000000 # Attribute 'small_contrib_threshold' of the grid.
  0.3330000000000000 # Attribute 'damping_power' of the grid.
 # binID   n_entries weight   weight_sqr   abs_weight
    1   4234   6.373179654224730E-011   9.573256234840535E-021   6.373179654224730E-011
    2   86   1.738629594335588E-013   1.114306561548299E-024   1.738629594335588E-013
    3   83   4.429863642293360E-014   1.234551652578037E-025   4.429863642293360E-014
    4   4426   6.385539706203149E-011   9.855281791300556E-021   6.385539706203149E-011
  </DiscreteSampler_grid>
  <DiscreteSampler_grid>
  grouped_processes
  1 # 1 for a reference and 2 for a running grid.
  10 # Attribute 'min_bin_probing_points' of the grid.
  1 # Attribute 'grid_mode' of the grid. 1=='default',2=='initialization'
  0.0300000000000000 # Attribute 'small_contrib_threshold' of the grid.
  0.3330000000000000 # Attribute 'damping_power' of the grid.
 # binID   n_entries weight   weight_sqr   abs_weight
    16   10   5.444909615810000E-003   3.901657759700000E-005   5.444909615810000E-003
    22   10   5.444909615810000E-003   3.901657759700000E-005   5.444909615810000E-003
    10   10   5.444909615810000E-003   3.901657759700000E-005   5.444909615810000E-003
  </DiscreteSampler_grid>
