+0.0003271895696074 +0.0003635945342238 +0.0003883304247884 +0.0004086914580537 
+0.0004326957302489 +0.0004568109703711 +0.0004768396629637 +0.0004969790917389 
+0.0005155144801632 +0.0005332937321136 +0.0005503654531427 +0.0005653285474605 
+0.0005794347196546 +0.0005932224755083 +0.0006062625307883 +0.0006184726682894 
+0.0006307079437795 +0.0006424055246492 +0.0006557355671270 +0.0006717944257256 
+0.0006881414740813 +0.0007037115454242 +0.0007189909346105 +0.0007321790627062 
+0.0007453346815040 +0.0007592490169593 +0.0007757152994033 +0.0007918363901236 
+0.0008084782609774 +0.0008261068593139 +0.0008422590603604 +0.0008577492023804 
+0.0008743715190218 +0.0008901143468985 +0.0009039376003046 +0.0009162513358832 
+0.0009285407538772 +0.0009408156535964 +0.0009657854511040 +0.0012892605436155 
+0.0013606179473101 +0.0013867317557673 +0.0014055390871119 +0.0014235208196871 
+0.0014427402981000 +0.0014663825487495 +0.0014867358424193 +0.0015035443131453 
+0.0015335366408977 +0.0015888479265553 +0.0016634481109296 +0.0017461890088703 
+0.0018336975316450 +0.0019294670772866 +0.0020296703977456 +0.0021055646226371 
+0.0021317247963421 +0.0021511725397414 +0.0021720814229891 +0.0021912406089101 
+0.0022102089538588 +0.0022341569503948 +0.0022604938738689 +0.0022893804156062 
+0.0023163003408915 +0.0023402352741404 +0.0023603706931728 +0.0023779560411363 
+0.0023953948320370 +0.0024138718182366 +0.0024374343788514 +0.0024745316155119 
+0.0025005322026176 +0.0025462335848519 +0.0026279371143929 +0.0027462988186321 
+0.0028646605228713 +0.0029757797150167 +0.0030804672196213 +0.0031851547242259 
+0.0032710315499265 +0.0033468246052925 +0.0034226176606586 +0.0036176378320533 
+0.0038139605341417 +0.0039465357077283 +0.0040859666504481 +0.0045205988216213 
+0.0051482120539052 +0.0058113906784515 +0.0065167173272604 +0.0075735295166813 
+0.0093887910067670 +0.0148222208466238 +0.0148222208466338 +0.0351832456081657 
-0.0000952767001324 +0.0009386267354110 +0.0014554501531861 +0.0021614523093717 
+0.0031002081050496 +0.0050258063704404 +0.0078482223158539 +0.0121614779489453 
+0.0173931172523422 +0.0197358990894567 +0.0221481946451828 +0.0248398209943047 
+0.0280305792711327 +0.0326286993628804 +0.0385391252860299 +0.0464714394815880 
+0.0559823253092189 +0.0652385016239152 +0.0736145223075662 +0.0825887627801856 
+0.0923130596683599 +0.1007136931753107 +0.1092623054683345 +0.1184053837474175 
+0.1284861033149844 +0.1362868143764258 +0.1449826806034210 +0.1534788078081785 
+0.1645905461888386 +0.1752282170879002 +0.1840082776195743 +0.1936579023309092 
+0.2039763736944413 +0.2139798991661866 +0.2238318001244159 +0.2331564447363446 
+0.2440433955674098 +0.2545585586675597 +0.2659116402274820 +0.2779041110411781 
+0.2899524686731542 +0.3030147704339843 +0.3125059481381989 +0.3170381197990283 
+0.3219194559871930 +0.3272938299352627 +0.3325508808003905 +0.3374504749698655 
+0.3423221182468453 +0.3468353774791058 +0.3516442971945827 +0.3568274315338525 
+0.3626517599154681 +0.3681262857674150 +0.3886676333280050 +0.4071422820542943 
+0.4236956518334535 +0.4327316890545125 +0.4387269860850646 +0.4447222831156166 
+0.4505271975566076 +0.4562853446815239 +0.4620434918064402 +0.4683051377131660 
+0.4746192011564948 +0.4809332645998236 +0.4967934778539440 +0.5118802428789665 
+0.5266625631832944 +0.5416232278553177 +0.5583781248915302 +0.5671040582413577 
+0.5752995360032607 +0.5841265808843975 +0.5928437421395089 +0.6022613520419721 
+0.6112581509969850 +0.6209443640940633 +0.6328827297901153 +0.6473676816727875 
+0.6616489938022100 +0.6754086535444189 +0.6923934846100042 +0.7097081416318355 
+0.7265204823572149 +0.7441256361797919 +0.7632880014988674 +0.7859825936395891 
+0.8154372771210009 +0.8427587592457486 +0.8671005115532280 +0.8907649425768718 
+0.9163456211629647 +0.9436717461422128 +0.9713934615511847 +1.0000000000000000 
-0.0027370665611393 +0.0121110767461497 +0.0179992244778015 +0.0246778260617650 
+0.0313693460221378 +0.0374316781456703 +0.0434444769437551 +0.0502836688023232 
+0.0595769885808668 +0.0684909303058185 +0.0770781163237672 +0.0866382614030084 
+0.0943118038314204 +0.1021730180018135 +0.1116306662267101 +0.1248364371127493 
+0.1398458588399183 +0.1562897142290659 +0.1727107347173323 +0.1941638358585939 
+0.2123422000155124 +0.2225654005975146 +0.2285056171041950 +0.2344458336108753 
+0.2400525687011963 +0.2454757924972391 +0.2508990162932820 +0.2560672949290502 
+0.2611157005674148 +0.2661641062057794 +0.2789357730926654 +0.2900800939323425 
+0.3013753140920557 +0.3118324384733773 +0.3217170085629751 +0.3317147761489830 
+0.3428639038235709 +0.3554970125563985 +0.3687884803642977 +0.3805391877493399 
+0.3912500465600711 +0.4054910080330372 +0.4201434827527004 +0.4345216005971302 
+0.4489115436965033 +0.4625414425415045 +0.4750147738740387 +0.4879047652979476 
+0.5025408020343580 +0.5196124941926842 +0.5357822438720855 +0.5518403320083272 
+0.5652870920423350 +0.5772960468644782 +0.5889722004477683 +0.6033069856620198 
+0.6185921518350520 +0.6308238603767884 +0.6407559001670003 +0.6493246314685438 
+0.6596817119262915 +0.6722133382849753 +0.6867217801233253 +0.6995165744198857 
+0.7115512082046482 +0.7235785481880402 +0.7358744540087718 +0.7484567859138711 
+0.7606554970347261 +0.7747718726517826 +0.7923266958974348 +0.8064341359008885 
+0.8177611743328103 +0.8273487209119003 +0.8349152410033887 +0.8454436715598254 
+0.8566867232108554 +0.8689802376808519 +0.8846378914401625 +0.8980691178319913 
+0.9088328488888439 +0.9182106174334103 +0.9269146520472141 +0.9363797800325430 
+0.9484401588980653 +0.9528623632518015 +0.9554213068433555 +0.9581229202241077 
+0.9605965686408572 +0.9629478596405242 +0.9652825472698300 +0.9677425667891423 
+0.9700819361810527 +0.9776417144056241 +0.9888982423281467 +1.0000000000000000 
-0.0039292121705662 +0.0192846213543451 +0.0381396382441145 +0.0541045074958841 
+0.0685409814714927 +0.0826801359504879 +0.0940831710118689 +0.1044287348665685 
+0.1158906215582968 +0.1258043829180384 +0.1390170348945374 +0.1424920990728301 
+0.1460448976368759 +0.1493903287780413 +0.1525444580831842 +0.1559220631414780 
+0.1587773323929104 +0.1616399945838828 +0.1649881404393674 +0.1692021073448847 
+0.1734646395016573 +0.1792646013464150 +0.1857725310066740 +0.1927518070337846 
+0.2012995424358222 +0.2093473199107064 +0.2165308087030605 +0.2277769046258970 
+0.2407809908165248 +0.2536687199626728 +0.2675675317553864 +0.2820068400221519 
+0.2946463469889488 +0.3057873765482944 +0.3160872226974908 +0.3265728559545303 
+0.3367301198326426 +0.3467721771774503 +0.3565471010800323 +0.3669800311857283 
+0.3778847830435305 +0.3877849744763260 +0.3960368810496849 +0.4033634514944835 
+0.4108976107438456 +0.4193794394779826 +0.4302118379140655 +0.4450511941048975 
+0.4607331423872993 +0.4750456548447011 +0.4875053169501405 +0.5008474596545721 
+0.5172072186046097 +0.5253764551856367 +0.5306530509587555 +0.5359296467318743 
+0.5409444828806266 +0.5458768050627971 +0.5508091272449677 +0.5548689634482622 
+0.5586551578629844 +0.5624413522777065 +0.5714127334351256 +0.5813624328351031 
+0.5900292055233010 +0.6015831157561948 +0.6161075708099640 +0.6280214160556276 
+0.6395346788514955 +0.6523391369050480 +0.6667370572829571 +0.6800299718289329 
+0.6950469282356538 +0.7078377774127964 +0.7160470991153148 +0.7237871605738920 
+0.7327446236837635 +0.7436052721457281 +0.7541842233013554 +0.7636328080128565 
+0.7733474826499359 +0.7853464522796704 +0.7971842915575226 +0.8092756004070272 
+0.8227070450581907 +0.8388948096745404 +0.8538341295043349 +0.8726171530900413 
+0.8898196152898806 +0.9051109262399409 +0.9188110480984608 +0.9328380289718498 
+0.9477003012068985 +0.9643494496519438 +0.9825093634115879 +1.0000000000000000 
-0.0028332881480146 +0.0125582806769133 +0.0257283642064454 +0.0384929209698408 
+0.0509249025912294 +0.0644008007583362 +0.0807644886846625 +0.0972932722421259 
+0.1098996311991984 +0.1221896380362710 +0.1354345665074203 +0.1488224165667683 
+0.1617823307192769 +0.1748123051448220 +0.1866571080447650 +0.1975015481090333 
+0.2080112940000123 +0.2166300563751189 +0.2251375961627636 +0.2339625513218873 
+0.2429904732674350 +0.2500297306800595 +0.2530116752600572 +0.2545952462433976 
+0.2561899245218938 +0.2577867363622565 +0.2604057656226653 +0.2630665986514644 
+0.2655499078943050 +0.2682178208576639 +0.2714799303490558 +0.2748236300247672 
+0.2779093741641291 +0.2846618374220425 +0.2985380623640168 +0.3136509697854822 
+0.3272756939500063 +0.3400242827989913 +0.3515200021098599 +0.3640322047328400 
+0.3766498621964692 +0.3892466212385681 +0.4014279210737548 +0.4116639581951175 
+0.4178752278665031 +0.4248442705516623 +0.4323438814188759 +0.4402178032055375 
+0.4481338670312714 +0.4598088273095416 +0.4732668182022633 +0.4873230916458070 
+0.5017679551702967 +0.5157736591509130 +0.5291670380724337 +0.5437725134576747 
+0.5594357064869376 +0.5740793403255053 +0.5889290019815490 +0.6010558061092725 
+0.6117455265020562 +0.6214864309241372 +0.6345518800549486 +0.6464732102729265 
+0.6594507989048437 +0.6746103219066913 +0.6903818949836347 +0.7062152177493436 
+0.7227726808140470 +0.7338108900872863 +0.7389101580061559 +0.7440094259250254 
+0.7492700941243835 +0.7548057215631343 +0.7603413490018851 +0.7658041684319755 
+0.7710213316285969 +0.7762384948252181 +0.7825482598690321 +0.8001869395307643 
+0.8143803339881024 +0.8272372613482429 +0.8392842093583738 +0.8520955876055601 
+0.8671926927459328 +0.8822206141404871 +0.8964184989413114 +0.9084719540995071 
+0.9220351318455212 +0.9370394616409351 +0.9530305261357591 +0.9652943334991255 
+0.9747494118861483 +0.9832016191677615 +0.9916116080195718 +1.0000000000000000 
-0.0143288865198406 +0.1310791380654817 +0.1746017369536288 +0.4178567646444549 
+0.4324187140627331 +0.4409252151895908 +0.4496469134474681 +0.4578709086760762 
+0.4654602255026362 +0.4729032898886927 +0.4800255988183303 +0.4864202731450507 
+0.4924321080186324 +0.4985926815863110 +0.5047555865967365 +0.5110023487759926 
+0.5172713124379276 +0.5222362996549490 +0.5242317556014363 +0.5262272115479236 
+0.5282113719557024 +0.5301841815277420 +0.5321569910997815 +0.5340911102752388 
+0.5360055551410935 +0.5379200000069483 +0.5422158021532942 +0.5466900111968083 
+0.5509433460452982 +0.5552964699641845 +0.5599807304415441 +0.5644181519698638 
+0.5685136782380088 +0.5718672420948429 +0.5751639159711792 +0.5790353781479208 
+0.5828600991810192 +0.5869094088988224 +0.5910305203999366 +0.5953377882288391 
+0.5999170120019206 +0.6045964668192545 +0.6094804987490381 +0.6144586043585445 
+0.6205511683056658 +0.6267508170071352 +0.6330676625395720 +0.6380157910707764 
+0.6431944535347275 +0.6495637445541670 +0.6573084257849584 +0.6649314338126115 
+0.6718899956814465 +0.6779959283488562 +0.6842867629273262 +0.6903228062815047 
+0.6985957610640853 +0.7042119333499234 +0.7081004301976294 +0.7109856638898028 
+0.7129434622521439 +0.7156339909874438 +0.7189493178804038 +0.7214321933546155 
+0.7241049684864278 +0.7269164916962985 +0.7324674205367980 +0.7418514970783562 
+0.7521974278360720 +0.7619383512932789 +0.7699933146623616 +0.7780137243232231 
+0.7883775847330184 +0.7982754477499059 +0.8023941007125835 +0.8048819220956108 
+0.8076170827968109 +0.8103096156510868 +0.8127407061961370 +0.8148383803516445 
+0.8169481896799309 +0.8191981743654756 +0.8225389530507222 +0.8258935996857485 
+0.8292878245799746 +0.8326017134537170 +0.8367220159938109 +0.8501610631856137 
+0.8659973143433898 +0.8848505049184456 +0.9023037241322343 +0.9144312900230795 
+0.9262712977843863 +0.9378747543205010 +0.9528920829561105 +1.0000000000000000 
-0.0197647701483415 +0.1198011257504425 +0.1551873325348821 +0.1781445501394955 
+0.1972976585700624 +0.2134513078894913 +0.2253868122636178 +0.2373003774448852 
+0.2491761747203361 +0.2604539132932604 +0.2714963444618467 +0.2832237291569535 
+0.2969561010724575 +0.3090899142544138 +0.3190401376303532 +0.3278842517789088 
+0.3368044350465427 +0.3453708529514253 +0.3559498945666448 +0.3632581655020343 
+0.3703312040510586 +0.3778759295058775 +0.3858433735351737 +0.3930806190898050 
+0.4009830415515415 +0.4085541342873005 +0.4152915587640945 +0.4218738845201485 
+0.4258284875664547 +0.4287106565205980 +0.4315928254747413 +0.4345072392284428 
+0.4374674937871434 +0.4404277483458441 +0.4432257180827307 +0.4455328581681106 
+0.4478399982534904 +0.4504950630808837 +0.4557726735261330 +0.4615921784075995 
+0.4671512156664607 +0.4733430203481010 +0.4814081172983469 +0.4867147746313822 
+0.4917535655570848 +0.4966303332261312 +0.5016436191142559 +0.5036397617861077 
+0.5055263905649449 +0.5074761358028581 +0.5096365073312668 +0.5116842688246099 
+0.5135534582195712 +0.5154848219285537 +0.5177030359903180 +0.5198877847578826 
+0.5218644454036308 +0.5240451118750489 +0.5320936508875018 +0.5392488316666894 
+0.5458888398833798 +0.5532818859989787 +0.5603448153940043 +0.5666344010332726 
+0.5725898500204013 +0.5768382079136477 +0.5794004505573208 +0.5819114641772665 
+0.5841133219616801 +0.5862445314092454 +0.5894703014501175 +0.5929126550646362 
+0.5981107699902761 +0.6071703104916422 +0.6154168446720222 +0.6237215099057647 
+0.6327847932934222 +0.6420567191167992 +0.6514832229153812 +0.6608130187264950 
+0.6693116175423618 +0.6780640387973913 +0.6863070943166525 +0.6957171039946338 
+0.7062097174773950 +0.7178628623710601 +0.7310555205157141 +0.7450707658493134 
+0.7591402029446922 +0.7733918314848907 +0.7885655502066468 +0.8073972991615369 
+0.8267035294505735 +0.8485279344614900 +0.8794325421920486 +1.0000000000000000 
2.03639513104e-11 6.76217266667e-06 
  <DiscreteSampler_grid>
  Helicity
  1 # grid_type. 1=='ref', 2=='run'
  80 # Attribute 'min_bin_probing_points' of the grid.
  1 # Attribute 'grid_mode' of the grid. 1=='default',2=='initialization'
  0.030 # Attribute 'small_contrib_threshold' of the grid.
  0.333 # Attribute 'damping_power' of the grid.
#  binID   n_entries weight   weight_sqr   abs_weight
    2   835 7.45887702825e-11 1.8109063563e-18 7.45887702825e-11
    3   4510 4.70939142468e-11 3.87104455243e-19 4.70939142468e-11
    4   4773 4.32479634437e-11 1.04451396179e-19 4.32479634437e-11
    1   4036 3.87616462203e-11 3.99323639247e-20 3.87616462203e-11
  </DiscreteSampler_grid>
  <DiscreteSampler_grid>
  grouped_processes
  1 # grid_type. 1=='ref', 2=='run'
  10 # Attribute 'min_bin_probing_points' of the grid.
  1 # Attribute 'grid_mode' of the grid. 1=='default',2=='initialization'
  0.030 # Attribute 'small_contrib_threshold' of the grid.
  0.333 # Attribute 'damping_power' of the grid.
#  binID   n_entries weight   weight_sqr   abs_weight
    16   10 7.91144607836e-05 1.78575449047e-08 7.91144607836e-05
    22   10 7.91144607836e-05 1.78575449047e-08 7.91144607836e-05
    10   10 7.91144607836e-05 1.78575449047e-08 7.91144607836e-05
  </DiscreteSampler_grid>
