  0.00033674715548224  0.00034562438989205  0.00035253376771621  0.00035865681538128
  0.00036407567525211  0.00036901283248432  0.00037357018491102  0.00037774864533921
  0.00038161306210763  0.00038523479601951  0.00038863591639291  0.00039192751617192
  0.00039510455667129  0.00039817434524729  0.00040125931681428  0.00040432540113832
  0.00040748341250792  0.00041039881336612  0.00041324316656345  0.00041605045249716
  0.00041884194939544  0.00042161417024681  0.00042440353104324  0.00042720157440972
  0.00043001815149082  0.00043284251725164  0.00043565066206905  0.00043845536463820
  0.00044127233973813  0.00044409813318821  0.00044691251994281  0.00044866919698936
  0.00045042811833533  0.00045219394959906  0.00045394835300335  0.00045568993883084
  0.00045821486264628  0.00046107871172229  0.00046398526432710  0.00046694587487904
  0.00046992571769993  0.00047295823398327  0.00047595698718886  0.00047892336632279
  0.00048185201491419  0.00048484506590349  0.00048785920373298  0.00049085066270697
  0.00049405429166778  0.00049720157090094  0.00050039089040064  0.00050359157550144
  0.00050679389406600  0.00050998537547435  0.00051314914844619  0.00051634204187456
  0.00051961201549369  0.00052294509413929  0.00052625552106512  0.00052950608694033
  0.00053278132351724  0.00053609033147849  0.00053960198489428  0.00054328407901585
  0.00054705392619192  0.00055088765757197  0.00055482246562961  0.00055888452812347
  0.00056301503039520  0.00056714338091823  0.00057127169557877  0.00057545966545754
  0.00057977746665190  0.00058420927019923  0.00058870375054035  0.00059306265954841
  0.00059729048879840  0.00060167751787742  0.00060606476327167  0.00061022666791343
  0.00061415294525143  0.00061805058589126  0.00062200798064014  0.00062615253663104
  0.00063068881161743  0.00063622880214013  0.00064162324568359  0.00064663488066490
  0.00065090329152439  0.00065500798862183  0.00066338709879253  0.00066943043394782
  0.00067522753891080  0.00068279600748424  0.00068839039194375  1.00000000000000000
 -0.00233735123110627  0.01005765852854653  0.02014528582487719  0.03123128330755756
  0.04244636330237862  0.05365886164426346  0.06483760429085023  0.07586086113169438
  0.08695331839684463  0.09795911245009006  0.10892703132314648  0.11986205493870866
  0.13060158067755157  0.14115991444269915  0.14833926809044592  0.15329225182340250
  0.15822450878059016  0.16313948261547143  0.16808230574888705  0.17305382221087717
  0.18054556263734448  0.19133959886505508  0.20225805830134722  0.21329013400252211
  0.22449243585167758  0.23591608819803062  0.24753353537851783  0.25943336394609190
  0.27095438902772118  0.28224682543539192  0.29332034246216243  0.30455343963372689
  0.31574773469644096  0.32697157010290578  0.33828146911929563  0.34947642795945444
  0.36046312670322184  0.37128912688651883  0.38230768665814885  0.39333017448705138
  0.40415282592593343  0.41485140497271250  0.42547889998000721  0.43598876607353487
  0.44650056130243859  0.45729568448583069  0.46839111718174181  0.47957389372829873
  0.49088838996491629  0.50226344687473234  0.51348755550806624  0.52452583576197342
  0.53553928153926755  0.54648076726663608  0.55751941412260786  0.56870211618731614
  0.58021343264099834  0.59129422833522272  0.60242772056186011  0.61344529755157362
  0.62455033496772938  0.63548691896041942  0.64657666446374074  0.65799958133489533
  0.66940127488735746  0.68003768147938803  0.69051128789603478  0.70061262773472877
  0.71116381189618916  0.72189754486021251  0.73266085650411228  0.74337568952911615
  0.75406875522512795  0.76482680942383241  0.77555596656720494  0.78629749300152807
  0.79739328736226978  0.80880265524860528  0.82000614992302256  0.83099062008210667
  0.84185627649402439  0.85277820867315113  0.86359366761064726  0.87430132453678688
  0.88480221045448626  0.89517130539756629  0.90560162725023963  0.91611068424963271
  0.92677407465445349  0.93754372486571702  0.94807645890108438  0.95828207729136561
  0.96856508077862458  0.97888003463899920  0.98950240920532262  1.00000000000000000
 -0.00256835011578395  0.01146399194162636  0.02197506551780022  0.03312752001702061
  0.03864007992859991  0.04413264857150147  0.04945579863122499  0.05478368606154936
  0.06012964523325724  0.06708960489246391  0.07757247743353132  0.08794650186166397
  0.09814688178620794  0.10855623359445724  0.11935563224855676  0.13032834632922646
  0.14141303275011238  0.15246810920442627  0.16348085869876633  0.17430607763922801
  0.18515081344195186  0.19586051274674302  0.20650649037061714  0.21705106426313275
  0.22764098941130784  0.23823873458587652  0.24863687457776829  0.25937104096852737
  0.26986179884425326  0.28059280954677507  0.29158261113940470  0.30297388644324119
  0.31423163006554372  0.32512087905178733  0.33587474455202754  0.34700469065151057
  0.35829191688034745  0.36929886172939813  0.37961134839289035  0.38959103795097111
  0.39974435212069004  0.41054039075803656  0.42165774872824108  0.43266243643498747
  0.44372840437297795  0.45463641699476004  0.46582358125702034  0.47703965523567265
  0.48804021902992084  0.49902952711923970  0.51014725189128896  0.52115516398140904
  0.53200425748328206  0.54293803761847681  0.55413502337286824  0.56522363007271181
  0.57610158743437068  0.58695776934458976  0.59792022018072299  0.60895528531080323
  0.61985147126204854  0.63062345805093933  0.64131321624049131  0.65224919162903183
  0.66319569887635721  0.67401583782989849  0.68480178965300298  0.69565331774197270
  0.70680838967863002  0.71776753544615779  0.72870173571890340  0.73998282621497147
  0.75111713936574798  0.76215362459479641  0.77297406457730033  0.78393865750933311
  0.79489874632887081  0.80553635052556294  0.81635198052437397  0.82741151273681079
  0.83843137222272313  0.84945805084673154  0.86054108278297392  0.87177647931191737
  0.88284540200836603  0.89375082844811615  0.90455920232561005  0.91526364233022006
  0.92580000291111209  0.93617979773815341  0.94648797147814390  0.95669972012391080
  0.96706033698194926  0.97771864602134395  0.98874046825589312  1.00000000000000000
 -0.00139888930140300  0.01014618310139113  0.02046086873623708  0.03145791406441842
  0.04231442457990092  0.05312898012383309  0.06400276454180193  0.07500257132427822
  0.08594193413219568  0.09674997310112893  0.10754117283424559  0.11828558566359670
  0.12890053899898071  0.13947077517798448  0.15022406898553312  0.16116836557907810
  0.17190258741790701  0.18244870258950749  0.19315968486076732  0.20414553337151173
  0.21518566789750079  0.22576208455742849  0.23666227259873396  0.24796385094232209
  0.25960051176500393  0.27107814447062306  0.28232841693312377  0.29356078981157507
  0.30465408971069852  0.31582397023511993  0.32700801364509297  0.33787857380256042
  0.34840701011525521  0.35894327346188809  0.36960442870212162  0.38061041754941949
  0.39171266753622269  0.40272960312847195  0.41376954379112318  0.42476347917088958
  0.43563769201285218  0.44628531317492620  0.45678886903153387  0.46719257371077777
  0.47744465103410394  0.48781897015375913  0.49829749148681168  0.50894003541150856
  0.51955580839946236  0.52624548343419564  0.53175452567496473  0.53729682438012383
  0.54284434146628036  0.54829672039550670  0.55404272280948896  0.56461674226470715
  0.57511571731850775  0.58539907267999547  0.59559123156015659  0.60636357672649921
  0.61692220001965914  0.62768805812735473  0.63787716981084019  0.64842216492968574
  0.65912506417449634  0.66995062995591581  0.68127114197812477  0.69222352776330531
  0.70292006467221424  0.71380503198997547  0.72481686309807924  0.73576903552428707
  0.74645418791797946  0.75720489010704173  0.76803454821604022  0.77891818096032184
  0.78974180708385244  0.80049918107344409  0.81143011693951483  0.82257158275464248
  0.83361004072147293  0.84429217498891906  0.85490047584239903  0.86579886856119248
  0.87688640596402734  0.88814626015601894  0.89931690134783138  0.91062120164440574
  0.92180095688145369  0.93280953928088983  0.94363866488091552  0.95432598317650130
  0.96519095420370693  0.97627460012494272  0.98799938645377983  1.00000000000000000
 -0.00149916069375280  0.00963887797559883  0.01941617227167870  0.02992398578283077
  0.04029118485128794  0.05090510413789632  0.06160550248869708  0.07236458986327672
  0.08275334646673879  0.09320364678582896  0.10362569998934332  0.11430192940227332
  0.12520148736071848  0.13622311648775415  0.14718126946142834  0.15790032382115082
  0.16878019037304559  0.17955544133095791  0.19032913552367395  0.20115146808125639
  0.21212717304062378  0.22310304073261622  0.23384959101071356  0.24460902801812284
  0.25540070599691889  0.26609296742555821  0.27647463166632114  0.28672076299477728
  0.29700322771641241  0.30735150334092987  0.31774791248339873  0.32830476403584352
  0.33923314687387651  0.35042031315919175  0.36162221925156479  0.37279190110208815
  0.38412027134679483  0.39560322317731511  0.40719198076921792  0.41876972465945306
  0.43004356867879479  0.44114812174594065  0.45225853851589587  0.46318612841938173
  0.47390084964236645  0.48444570849244917  0.49511794871394027  0.50555368707465287
  0.51587133590755141  0.52640402178974710  0.53715803727618072  0.54790192332631149
  0.55865895416367284  0.56847371830313020  0.57459713123193212  0.58068438425513047
  0.58671493994076296  0.59280663681940837  0.59893489355007179  0.60905701135239509
  0.61991482156039979  0.63067095085234592  0.64195773785805299  0.65300586456355159
  0.66437580122063122  0.67553416197966820  0.68664597991595466  0.69764068025003467
  0.70837074468011885  0.71878264190350638  0.72902729274556866  0.73949271834713914
  0.75001990032936938  0.76055046318242558  0.77119434939944820  0.78212620775455688
  0.79286611172855270  0.80344530924965007  0.81415417555809544  0.82510411771610748
  0.83598790501129672  0.84661201366536021  0.85723484774497871  0.86809157421478866
  0.87903408795932569  0.89019164927779004  0.90141319633771366  0.91263705715358856
  0.92373088668519665  0.93495477310909558  0.94567691561430767  0.95642169198974936
  0.96693573169807756  0.97796250750623637  0.98887565484162399  1.00000000000000000
  0.02578493404865826  0.03968560408543294  0.05217414465703113  0.06479530342103154
  0.07635094774632693  0.08731102632460704  0.09777642524490657  0.10800472754161443
  0.11805316444218249  0.12828797208818885  0.13872966315287177  0.14932775849335395
  0.15988930664652196  0.17035345392525070  0.18064850318328751  0.19079373793098078
  0.20097828153192343  0.21141612774654731  0.22187267383448600  0.23221808830173299
  0.24238194068551694  0.25264203670216911  0.26294625777545272  0.27341939337927623
  0.28404701093006307  0.29511292165834518  0.30559272331244397  0.31106287144207073
  0.31650337924564920  0.32186209555359380  0.32717627200407767  0.33242747697667874
  0.34022987280381034  0.35022846000621050  0.36060031565448575  0.37140469588868869
  0.38253998435113784  0.39368470844838466  0.40469761439606627  0.41555204227590631
  0.42633756151314378  0.43709058579982746  0.44761402797798172  0.45812343495578312
  0.46851159811423237  0.47880861126646840  0.48900384703003041  0.49936486318493312
  0.50982702396710700  0.52040806028661835  0.53092975448547797  0.54147024758778517
  0.55189754377307165  0.56249052025523039  0.57322117033183084  0.58392486712951819
  0.59452258123110335  0.60500234346749748  0.61544850931918516  0.62588474524354198
  0.63636962497813310  0.64699861096472766  0.65778306450976221  0.66859770210919622
  0.67942794447780741  0.69005224094624018  0.70056115548718134  0.71105834691520287
  0.72182025320691778  0.73254245337400492  0.74309376318378384  0.75370451318206821
  0.76453121191944484  0.77544605189798055  0.78632576739431859  0.79730494496017712
  0.80829819560633809  0.81919410165609918  0.83009761694855611  0.84102573003422709
  0.85162067644104744  0.86204251059645565  0.87244403767615852  0.88281717241786728
  0.89284343631018459  0.90288738831755588  0.91311770470443798  0.92355664919984393
  0.93366526957758245  0.94316771695601753  0.95188862420352538  0.95986417169500038
  0.96580711568460487  0.96707851137444167  0.96931173075173582  1.00000000000000000
 -0.01603539729368118  0.10994898005606178  0.14597795925102111  0.16900074656231903
  0.18701707004602416  0.20240761182793812  0.21587523690142579  0.22810801192365163
  0.23937935366752897  0.25003688183624423  0.25996861666343013  0.26955008260351221
  0.27870881616643722  0.28751607836064719  0.29607450152961828  0.30423438168509837
  0.31207770885692038  0.31955718644300202  0.32693057314662655  0.33429246944125490
  0.34147399967747749  0.34841098898153999  0.35517286493281897  0.36176801662227170
  0.36841925466092146  0.37496833762705079  0.38141958948725974  0.38764587503104847
  0.39371413647149062  0.39969177034604769  0.40558138654126275  0.41174694021120112
  0.41795917287058326  0.42415790012256910  0.43017127218049994  0.43608466397181533
  0.44189849957469224  0.44767401057321415  0.45345103253509206  0.45920917887537543
  0.46501238715466336  0.47079349399291176  0.47649492194942472  0.48213810074661839
  0.48771539869404862  0.49328092422834807  0.49885933881809907  0.50439142907537293
  0.50995432127284102  0.51550082926674401  0.52111808379634261  0.52684853521710595
  0.53274789723997495  0.53880389290815744  0.54481449279347338  0.55086819306875423
  0.55642361147002228  0.56197029442344659  0.56753863430132012  0.57342028695381808
  0.57942025767441097  0.58544670446791325  0.59148016007811144  0.59751256414983966
  0.60355167190810555  0.60959528151456077  0.61569642141706371  0.62194575793838169
  0.62839448036791712  0.63501376146475741  0.64162891856013426  0.64828166351442174
  0.65519311806486402  0.66217051672260896  0.66936776857105695  0.67606613562065365
  0.68022763676693432  0.68443214469479829  0.68870366565841812  0.69303116267850218
  0.69739646150759838  0.70463190108532647  0.71270610287663716  0.72112167658099002
  0.72998776469967996  0.73932931394340717  0.74899518257779085  0.75938028535849200
  0.77066049618920052  0.78320798115936452  0.79695321431679933  0.81232476969492196
  0.82995767300715273  0.85210831135485954  0.88704014755161342  1.00000000000000000
   1.4335682921300001E-011   1.3694575423700000E-008
  <DiscreteSampler_grid>
  Helicity
  1 # 1 for a reference and 2 for a running grid.
  80 # Attribute 'min_bin_probing_points' of the grid.
  1 # Attribute 'grid_mode' of the grid. 1=='default',2=='initialization'
  0.0300000000000000 # Attribute 'small_contrib_threshold' of the grid.
  0.3330000000000000 # Attribute 'damping_power' of the grid.
 # binID   n_entries weight   weight_sqr   abs_weight
    1   4248   6.341028021148418E-011   9.528743692508926E-021   6.341028021148418E-011
    2   84   3.815148601131010E-014   3.675965290875457E-026   3.815148601131010E-014
    3   82   2.063943808970362E-013   3.469204218199615E-024   2.063943808970362E-013
    4   4415   6.389540943104598E-011   9.872080316070439E-021   6.389540943104598E-011
  </DiscreteSampler_grid>
  <DiscreteSampler_grid>
  grouped_processes
  1 # 1 for a reference and 2 for a running grid.
  10 # Attribute 'min_bin_probing_points' of the grid.
  1 # Attribute 'grid_mode' of the grid. 1=='default',2=='initialization'
  0.0300000000000000 # Attribute 'small_contrib_threshold' of the grid.
  0.3330000000000000 # Attribute 'damping_power' of the grid.
 # binID   n_entries weight   weight_sqr   abs_weight
    16   10   5.444909615810000E-003   3.901657759700000E-005   5.444909615810000E-003
    22   10   5.444909615810000E-003   3.901657759700000E-005   5.444909615810000E-003
    10   10   5.444909615810000E-003   3.901657759700000E-005   5.444909615810000E-003
  </DiscreteSampler_grid>
