  0.00033356298761735  0.00035556144509703  0.00037244961217526  0.00038810455464767
  0.00040307894700078  0.00041368618072201  0.00042297568337302  0.00043223068485218
  0.00044382148730473  0.00045569076094077  0.00046685957606251  0.00047798552922755
  0.00048912896492193  0.00049994417909889  0.00051087050779804  0.00052184341491387
  0.00053258127563165  0.00054451763907364  0.00055772395987073  0.00057072516957337
  0.00058352812255289  0.00059708567506985  0.00061193781285645  0.00062729742284293
  0.00064253054273483  0.00065984053193088  0.00067834089389269  0.00069709609704253
  0.00071652747917723  0.00073765983455858  0.00075855969648904  0.00078049064282895
  0.00080426400131115  0.00082814708667625  0.00085228576123591  0.00088144939076678
  0.00091501715943810  0.00094876782457356  0.00098592753115104  0.00102363651359406
  0.00109064402301936  0.00117837441120942  0.00128837275024233  0.00140960588006538
  0.00153290476837742  0.00167377670488960  0.00173561160404546  0.00174427406046257
  0.00175293651687969  0.00176159897329681  0.00177026142971392  0.00177892388613104
  0.00178758634254815  0.00179624879896527  0.00180491125538238  0.00181357371179950
  0.00182223616821661  0.00183089862463373  0.00184003599545199  0.00184937781588199
  0.00185871963631199  0.00186806145674199  0.00187740327717199  0.00188674509760199
  0.00189608691803199  0.00190542873846198  0.00191477055889198  0.00192411237932198
  0.00193345419975198  0.00194279602018198  0.00195202147147748  0.00196120986119214
  0.00197039825090680  0.00197958664062146  0.00198877503033613  0.00199796342005079
  0.00200715180976545  0.00201634019948011  0.00202552858919477  0.00203471697890943
  0.00204390536862409  0.00205309375833875  0.00219868429603487  0.00236823710380438
  0.00254289831326980  0.00281749994945599  0.00317517174434986  0.00377232905926802
  0.00426830108811791  0.00497977168606016  0.00721282721854139  0.00886845855217337
  0.01025018264673072  0.01310001698218850  0.01379204894272814  1.00000000000000000
 -0.00003674372182775  0.00045575122248608  0.00085138773631837  0.00120581721645981
  0.00141515505169798  0.00165869340563199  0.00195251066367855  0.00271866144321706
  0.00379108498672989  0.00512381991454869  0.00668247289620704  0.00863752181491208
  0.01081274328480077  0.01321869627578208  0.01604087380538818  0.01922505850197481
  0.02264696886109414  0.02668381463318236  0.03143216459315972  0.03651313798365535
  0.04218813003305793  0.04875754001815298  0.05629647681860577  0.06427059981023400
  0.07256241970853518  0.08164787242611221  0.09130200002914837  0.10169526828552400
  0.11276433941811394  0.12436496705172066  0.13625081426602836  0.14888922429437659
  0.16241819685905792  0.17621064569563075  0.19020364221310507  0.20380220184556774
  0.21691279543751538  0.21795090578964221  0.21898901614176908  0.22002712649389594
  0.22106523684602281  0.22210334719814964  0.22314145755027651  0.22417956790240337
  0.22521767825453023  0.22625578860665707  0.22729517657101650  0.22836654919067767
  0.22943792181033881  0.23050929442999998  0.23158066704966113  0.23265203966932227
  0.23372341228898344  0.23479478490864458  0.23586615752830573  0.23693753014796690
  0.23801473103851498  0.23924054236815795  0.24046635369780095  0.24169216502744395
  0.24291797635708692  0.24414378768672992  0.24536959901637290  0.24659541034601590
  0.24782122167565890  0.24904703300530187  0.25083643665382399  0.26828089034191921
  0.28827732412078372  0.30728994144956295  0.32600196700077316  0.34494809223525619
  0.36405329689212945  0.38640789370078193  0.40864309992830561  0.43012790948357621
  0.45054298216960098  0.47031265964614749  0.49126709546732367  0.51339603306320392
  0.53724438255685814  0.56192034602607210  0.58792039679783725  0.61424406924815844
  0.64111030565988925  0.66900394942441177  0.69681648509189920  0.72590497423918798
  0.75833437556290284  0.79190677610910820  0.82550267407392308  0.85859529307563820
  0.89213758942985866  0.92743141150437569  0.96354090774850709  1.00000000000000000
 -0.00284511579602588  0.01638051372479072  0.03209635764640083  0.04670086513581383
  0.06044592608838188  0.07456186210466526  0.08902915415613573  0.10449182842823272
  0.12065246496752648  0.13612671174931304  0.15100718201067695  0.16531462301644001
  0.18052924282392097  0.19637266840947062  0.21095445547080371  0.22623527327926735
  0.24155923126098905  0.25621994321180114  0.27054043961056101  0.28443135705343203
  0.29979946583294592  0.31676233676607890  0.33348696188241328  0.34992441920299616
  0.36378263356297524  0.37686444242616374  0.39014759027112417  0.40349502790465858
  0.41779997961543974  0.43525331929123662  0.45222785670913812  0.46271996178120089
  0.47250258882860768  0.48164737228573495  0.49456847552017796  0.51094741972845925
  0.52689918878292374  0.54244551627586135  0.55928330475848453  0.57548577232102571
  0.59179471062282929  0.60705912311733168  0.62199545683849999  0.63714234208723441
  0.65208001794947990  0.66674099934887932  0.67935654393020750  0.69154796130850360
  0.70377864023627590  0.71561675473326136  0.72118299655178042  0.72206461497126262
  0.72294623339074471  0.72382785181022680  0.72470947022970889  0.72559108864919108
  0.72647270706867317  0.72735432548815526  0.72823594390763735  0.72911756232711955
  0.73021040308813490  0.73135723242843798  0.73250406176874117  0.73365089110904436
  0.73479772044934744  0.73594454978965063  0.73709137912995382  0.73823820847025690
  0.73938503781056009  0.74053193204349144  0.74168129088285761  0.74283064972222368
  0.74398000856158986  0.74512936740095592  0.74627872624032199  0.74742808507968816
  0.74857744391905423  0.74972680275842041  0.75087616159778647  0.75551586390849179
  0.77089220475267972  0.78695145859737503  0.80317294874429979  0.81934232617001979
  0.83539533256512055  0.84985935661255152  0.86344430800590000  0.87706242513660471
  0.89104866244430192  0.90611087827231718  0.92144113325226795  0.93629493023557953
  0.95164271662121902  0.96686781237806729  0.98276849238090791  1.00000000000000000
 -0.00166708607853617  0.01496526280905721  0.03114677221723379  0.04734210460718348
  0.06277129658758840  0.07717231621161486  0.09051335809675932  0.10315481656040459
  0.11754914013879315  0.13260620892611769  0.14862475670310407  0.16480663594672432
  0.17905852770529918  0.19225163199774717  0.20492724053344563  0.21790870786042646
  0.23148844135776780  0.24661654691270118  0.26262434845702481  0.27926599322100948
  0.29550066568439415  0.31174876125979750  0.32599860416839360  0.33933138082247466
  0.35285767531282003  0.36643164246379323  0.37956133988652135  0.38906929270236068
  0.39891498672661035  0.40936314146504404  0.42464887026501158  0.44059085860716080
  0.45610390861074407  0.47247190084232171  0.49047652405939535  0.50657303997387781
  0.51981535080112562  0.53253362942886484  0.54544664076603067  0.55892960432907357
  0.57681702613371855  0.59002234274705490  0.59133676512403166  0.59265118750100843
  0.59396560987798508  0.59528003225496184  0.59659445463193861  0.59790887700891537
  0.59922329938589203  0.60053772176286879  0.60185214413984556  0.60308022031962705
  0.60429163471824188  0.60550304911685671  0.60671446351547154  0.60792587791408637
  0.60913729231270120  0.61034870671131602  0.61156012110993085  0.61277153550854568
  0.61397589008330300  0.61516640697033320  0.61635692385736329  0.61754744074439349
  0.61873795763142359  0.61992847451845379  0.62111899140548388  0.62230950829251397
  0.62350002517954417  0.62469054206657426  0.63661373280738365  0.65161033145091796
  0.66785846477089972  0.68295310762365202  0.69881831423352114  0.71458890705953948
  0.72944920399474367  0.74409561396134327  0.75866563460601999  0.77461995038395726
  0.79249894661018938  0.80947343977842512  0.82340866369579391  0.83595772744099950
  0.84828910048182715  0.86066287065187286  0.87355890245464463  0.88886152587848022
  0.90399075404858520  0.91883596921786437  0.93407276111810789  0.94921673191740497
  0.96348558740147938  0.97636597205490805  0.98862888445229369  1.00000000000000000
 -0.00112740390835040  0.02047303035959691  0.03832683537362817  0.05476592417119567
  0.06988160799651284  0.08379465345179805  0.08956862791354943  0.09041102409953651
  0.09125342028552359  0.09209581647151067  0.09293821265749776  0.09378060884348483
  0.09462300502947191  0.09546540121545899  0.09630779740144607  0.09715019358743315
  0.09798781847879141  0.09882454559256447  0.09966127270633754  0.10049799982011060
  0.10133472693388366  0.10217145404765672  0.10300818116142978  0.10384490827520285
  0.10468163538897590  0.10551587817359612  0.10632342420913808  0.10713097024468003
  0.10793851628022198  0.10874606231576395  0.10955360835130590  0.11036115438684785
  0.11116870042238981  0.11197624645793176  0.11278379249347371  0.11711789482931836
  0.12986177782013128  0.14520482970201021  0.16117661233801039  0.17779750766614308
  0.19096719139583285  0.20039873562844462  0.20976804790353704  0.21931469850099719
  0.23438547558363221  0.25032831395251298  0.26709674391096561  0.28425109950076949
  0.30031390222843829  0.31443887773592810  0.32699446707282864  0.33988059705318446
  0.35170357300507216  0.36319513505823747  0.37519897998063756  0.38872186210897974
  0.40280783107816170  0.41697139474933581  0.42970039401710375  0.44281469648033495
  0.45689569985001560  0.46909521103345281  0.48182707088459259  0.49507950740456702
  0.50734830400641140  0.51920989292318820  0.53231477359970059  0.54705356711747033
  0.56141917562574239  0.57451501774982661  0.58783723022691436  0.60143207957040179
  0.61549474146593619  0.63099985624640775  0.64807011441203777  0.66579342297337307
  0.68330655239969618  0.69802280203980716  0.71203542113372664  0.72709693478368731
  0.74234370525199167  0.75937567299658992  0.77696691310191479  0.79427900774608695
  0.81301662734510516  0.83332086078999257  0.85426086479311802  0.87325083142310567
  0.89086016909714427  0.90649834259845563  0.92182963754384217  0.93766178033964076
  0.95333849285377292  0.96835508280242499  0.98346244195735211  1.00000000000000000
 -0.00055384037847535  0.03540845063126847  0.06299183383741354  0.08897914643769865
  0.11187245021810271  0.13105797236807518  0.14848918260027427  0.16540027889347980
  0.18342461124422105  0.20101856978979010  0.21717446635270787  0.23260132691490468
  0.24762959232613821  0.26276669106914147  0.27901716923963898  0.29534606354329884
  0.31141009881777043  0.32729334966456181  0.34466422462194624  0.36342588880676902
  0.38235777688921008  0.40030674791358423  0.41548723113118635  0.42842788315925767
  0.43993223261466569  0.45020973750413562  0.45999571875286616  0.46878633618144155
  0.47761026587591249  0.48626421736817993  0.49424700019970180  0.50206136582708838
  0.51022787787934520  0.51838992667029860  0.52636850664579804  0.53431862512119888
  0.54196001232948243  0.54938127336911247  0.55493713583591486  0.55971472490453211
  0.56452351545419754  0.56947829578778209  0.57674639773855618  0.58434804842878030
  0.59211429599388421  0.60012661443440063  0.60835628600654601  0.61671194744200375
  0.62490781137535445  0.63352752478678076  0.64269404684325071  0.65221037888784306
  0.66228861137671835  0.67529468472478560  0.68894134773276672  0.70333153159820827
  0.71870322915990592  0.73579508851924647  0.75340394629679419  0.77082898133898758
  0.78854971372656779  0.80518864799839474  0.82154248502487870  0.82278220431734250
  0.82398867598958392  0.82519514766182533  0.82640161933406675  0.82760809100630817
  0.82881456267854958  0.83002103435079100  0.83122750602303241  0.83243397769527383
  0.83368264940595138  0.83499265072077544  0.83630265203559950  0.83761265335042356
  0.83892265466524762  0.84023265598007169  0.84154265729489575  0.84285265860971981
  0.84416265992454387  0.84547266123936793  0.84686294385589678  0.84827113934720644
  0.84967933483851599  0.85108753032982554  0.85249572582113520  0.85390392131244475
  0.85531211680375430  0.85672031229506396  0.85812850778637351  0.86466633183755603
  0.88985570388227098  0.91870461928448677  0.95039046836854990  1.00000000000000000
 -0.00881914891242908  0.08708073948824989  0.12814819222647997  0.15462638921778588
  0.17650790112755960  0.19632002055216022  0.21463946686070978  0.23182328649989337
  0.24802127090412393  0.26207533550242329  0.27535640234355913  0.28828643589534775
  0.30004481562830954  0.31120192405234504  0.32267207004997422  0.33384405302348924
  0.34323880067028900  0.35059762357573671  0.35787467431231723  0.36494155350783775
  0.37536429400662935  0.38509677649546986  0.39474477010373510  0.40396978022741759
  0.41301991486595341  0.42217374461524981  0.43192959102923051  0.44101574253096965
  0.44951316404767366  0.45833739267179890  0.46803203339384775  0.47725879413076028
  0.48590881596494712  0.48689866730191800  0.48759312530553822  0.48828758330915845
  0.48898204131277867  0.48967649931639889  0.49037095732001906  0.49106541532363929
  0.49175987332725951  0.49245433133087974  0.49314877507565463  0.49384317223747820
  0.49453756939930177  0.49523196656112534  0.49592636372294890  0.49662076088477247
  0.49731515804659604  0.49800955520841961  0.49870395237024318  0.49939834953206674
  0.50007035276361600  0.50072044188484988  0.50137053100608386  0.50202062012731785
  0.50267070924855184  0.50332079836978572  0.50397088749101970  0.50462097661225369
  0.50527106573348768  0.50592115485472156  0.51218573946595358  0.52069835772368211
  0.52877545045746233  0.53660785324249560  0.54474747444576699  0.55342024262073386
  0.56183205722232243  0.57185080309524372  0.58207361556253423  0.59227972076179614
  0.60248772710299814  0.61109878141294516  0.61947920932126654  0.62804766543207935
  0.63642338981669433  0.64426731785681679  0.65236512538623392  0.66097183704913076
  0.67107678659227876  0.68306859862360036  0.69581871049298905  0.70941586384338695
  0.72318130684760240  0.73642753173519548  0.74908722488505619  0.76124632938584025
  0.77414195240733663  0.78882573035744807  0.80465594817633213  0.82470444442562874
  0.84865187316502355  0.87563235463418077  0.91494457210120794  1.00000000000000000
   8.9104877601100002E-013  -1.0000000000000000     
  <DiscreteSampler_grid>
  Helicity
  1 # 1 for a reference and 2 for a running grid.
  80 # Attribute 'min_bin_probing_points' of the grid.
  1 # Attribute 'grid_mode' of the grid. 1=='default',2=='initialization'
  0.0300000000000000 # Attribute 'small_contrib_threshold' of the grid.
  0.3330000000000000 # Attribute 'damping_power' of the grid.
 # binID   n_entries weight   weight_sqr   abs_weight
    1   1695   2.760318867006312E-012   1.281834165372135E-022   2.760318867006312E-012
    2   81   2.632843523179227E-014   5.554604208301907E-026   2.632843523179227E-014
    3   81   6.994149484080051E-012   3.962208849045288E-021   6.994149484080051E-012
    4   1640   2.796789029778319E-012   2.217603559839018E-022   2.796789029778319E-012
  </DiscreteSampler_grid>
  <DiscreteSampler_grid>
  grouped_processes
  1 # 1 for a reference and 2 for a running grid.
  10 # Attribute 'min_bin_probing_points' of the grid.
  1 # Attribute 'grid_mode' of the grid. 1=='default',2=='initialization'
  0.0300000000000000 # Attribute 'small_contrib_threshold' of the grid.
  0.3330000000000000 # Attribute 'damping_power' of the grid.
 # binID   n_entries weight   weight_sqr   abs_weight
    10   10   2.746500442510000E-005   2.604600022730000E-009   2.746500442510000E-005
    22   10   2.746500442510000E-005   2.604600022730000E-009   2.746500442510000E-005
    16   10   2.746500442510000E-005   2.604600022730000E-009   2.746500442510000E-005
  </DiscreteSampler_grid>
