  0.02655424188305287  0.03228523277503390  0.03665465436574594  0.04124020315658999
  0.04633842975533403  0.05187412850384564  0.05760520741565136  0.06370706638811957
  0.07005779452973031  0.07659654797199650  0.08325095639702058  0.08994868910547772
  0.09691372923072977  0.10388567215548387  0.11062820860180317  0.11713059919116289
  0.12339227742763563  0.12960049105301194  0.13620645431199116  0.14307200777051457
  0.15018754566181816  0.15727986210474618  0.16466409950184166  0.17228359832013840
  0.18001952426431980  0.18793936365826003  0.19600695968859613  0.20415638185825899
  0.21202201135055149  0.21984727711232230  0.22766736198887730  0.23580157051706704
  0.24411529964638562  0.25265888534092340  0.26141266727971052  0.26974006404849638
  0.27904808238953471  0.28878295561395662  0.29805393661633955  0.30705599074240680
  0.31627271801441881  0.32533771990472427  0.33443437077823829  0.34362281830867697
  0.35291223382615605  0.36246662807555935  0.37209996092795194  0.38174701259403415
  0.39138475720056598  0.40115897913516113  0.41121233955859199  0.42131147514723316
  0.43121422830234873  0.44144496986683462  0.45207288430337145  0.46263100247447581
  0.47232904281888410  0.48189929372427914  0.49149570156610006  0.50151874414416375
  0.51129242832907951  0.52101236616397384  0.53108299424871919  0.54190333809553815
  0.55368079280995119  0.56544381700155844  0.57634887171350790  0.58707957142928402
  0.59784316593615783  0.60889643602835286  0.62044633362923984  0.63308308375961819
  0.64691588677940970  0.66134083060026994  0.67535742786126463  0.68881956959878543
  0.70217049945280119  0.71514083158472985  0.72813038353934512  0.74124483884361103
  0.75459298628186056  0.76789250408038368  0.78198861865843128  0.79600140461379365
  0.81028210850900428  0.82625639819557040  0.84287933060609388  0.86012439030206056
  0.87965569053725634  0.90053299429286227  0.92145428284736020  0.94102476283349856
  0.95814640553966957  0.96324972312422930  0.96930848870212649  1.00000000000000000
 -0.00013839819163642  0.00140284656424554  0.00268884678033855  0.00446556543577885
  0.00681024848091143  0.00943056435803561  0.01233098206988675  0.01573927476204694
  0.01929233009521279  0.02327923680619680  0.02782030074018246  0.03277664159349104
  0.03806328067504278  0.04363613223253338  0.04936891981013553  0.05577355680057397
  0.06297548629644786  0.07025838815875524  0.07753917891715317  0.08500285625938379
  0.09260128136233670  0.10037692704237526  0.10873244879022720  0.11687765623379294
  0.12517153984866247  0.13334762301219621  0.14205896403438484  0.15148654387157318
  0.16135156118414451  0.17162064544696323  0.18119143188837689  0.18929326466210475
  0.19744531344815633  0.20584968523166033  0.21478629034683819  0.22415381087403735
  0.23427064036450998  0.24480253248641201  0.25541438780595854  0.26603063319996018
  0.27690770085409466  0.28822855825222038  0.29927283390511267  0.31033870871840263
  0.32073509210974566  0.33151551022799258  0.34226180205667045  0.35364140852254905
  0.36540701727757952  0.37697628369104397  0.38841955464607769  0.39992221956338186
  0.41155433937635622  0.42358314971386057  0.43597216820281404  0.44885777994525095
  0.46174174947827151  0.47469312301156585  0.48824978734735736  0.50252658092021174
  0.51629047392932270  0.52983539262229618  0.54284478447539486  0.55582581319932967
  0.56904531680377202  0.58197655103466284  0.59515076245540766  0.60835587188500773
  0.62105266125006164  0.63376881051928846  0.64691703461362016  0.66043104651912665
  0.67614249944841187  0.69111790673831541  0.70556447743624418  0.72009722710045243
  0.73423232658020887  0.74753171779507366  0.76036050189390059  0.77322686118144168
  0.78600905810677801  0.79890832285605573  0.81207295642883770  0.82529465604247598
  0.83849688553658941  0.85198805488791995  0.86539040991287020  0.88012441943549746
  0.89501231244344681  0.90970676942288042  0.92435843336021817  0.93930041359244365
  0.95431425706731698  0.96951753704108468  0.98477962957904264  1.00000000000000000
 -0.00149346626539377  0.00956390396826241  0.01989001803062433  0.03092453840169756
  0.04251257590028405  0.05279734531849727  0.06223600246393124  0.07167496376382340
  0.08156051095442297  0.09200708834720323  0.10259771940783866  0.11310972458270468
  0.12381166369732931  0.13365472012135018  0.14406964504576836  0.15478431888870131
  0.16542747089483467  0.17646774004854821  0.18745335137343766  0.19854573855830845
  0.20987384251933128  0.22030499181403398  0.23202519193085652  0.24360618768793510
  0.25524127873362551  0.26547813948302906  0.27546658242345218  0.28540945217397945
  0.29556640703187365  0.30557284076785990  0.31545684233204135  0.32566612732582728
  0.33538180349733560  0.34552307761896200  0.35573490650415773  0.36627911583586287
  0.37668810302928413  0.38714270994984751  0.39812794605537583  0.40789054651793544
  0.41677749474224463  0.42612016035689820  0.43683429823683195  0.44886981271252535
  0.46101860766664154  0.47297891459193403  0.48477632717466246  0.49698489373008020
  0.50978341634292768  0.52211408599111853  0.53254762023752955  0.54240980588748910
  0.55252808290955890  0.56285724740889576  0.57266514651429568  0.58201548904526756
  0.59317709851753708  0.60494981720803931  0.61619401017064701  0.62673611941022034
  0.63669839807367890  0.64629955706985820  0.65597840230729920  0.66538781835485072
  0.67489697434071216  0.68444318540052496  0.69461294521975681  0.70508349621628241
  0.71548584720288610  0.72592366471523584  0.73658168939305524  0.74678426944072662
  0.75755974713072227  0.76870380518291481  0.78031373379716629  0.79097163380057034
  0.80161083030509539  0.81249313586898519  0.82371867739096483  0.83437188810262031
  0.84426852723661971  0.85438542769661519  0.86517351998722891  0.87579864253517048
  0.88641446303987381  0.89705358782512357  0.90807156688123469  0.91912515375331960
  0.92887369443421053  0.93888127508052632  0.94883614607709765  0.95915828542567405
  0.96966885730304653  0.97939157541484245  0.98999900788032580  1.00000000000000000
 -0.00157465070399945  0.00855473606015451  0.01692472273508606  0.02678517479911159
  0.03679085075183625  0.04672263939308237  0.05638231849103169  0.06581705392416405
  0.07546639538547842  0.08570115350470660  0.09684706758512976  0.10840541282081614
  0.12027069116510503  0.13225781521006605  0.14421085283399881  0.15595783738275684
  0.16770049853230493  0.17965418069644834  0.19117128721605386  0.20219724368127298
  0.21293726814751809  0.22340929039327270  0.23346420271865029  0.24341374080303096
  0.25396213605020579  0.26475762966886307  0.27600530882799984  0.28773540302095674
  0.29978607797909301  0.31133790169017295  0.32238225026713613  0.33303726908028891
  0.34338396809426774  0.35348250134171005  0.36407747728229023  0.37521409798488403
  0.38646962095347337  0.39731019112134219  0.40827461369879531  0.41930439617449300
  0.43013967900855776  0.44089050488629095  0.45081819058418687  0.46018462818984568
  0.46913985648623951  0.47861052146295402  0.48902712185898872  0.50070406637399312
  0.51272301570994383  0.52400708581409161  0.53484910644313222  0.54525688941855655
  0.55617306182458948  0.56715177244073167  0.57886135750860812  0.59042892501777822
  0.60122283094234497  0.61190153035877604  0.62207692514811097  0.63201025166681113
  0.64186594536730390  0.65190841469059635  0.66172987288089402  0.67202130296814933
  0.68297495758124493  0.69450946709191730  0.70552422870763865  0.71588817790938719
  0.72568624335017906  0.73505326746607780  0.74429983957443546  0.75356697101565895
  0.76324532014515534  0.77316762256671534  0.78305458926895710  0.79304978181229313
  0.80318088054583447  0.81340957259724733  0.82341121086613100  0.83298486243943914
  0.84247349333296639  0.85211542390958805  0.86164321184774395  0.87134678815010780
  0.88173691507405272  0.89231913928056106  0.90252250370247766  0.91236135679872299
  0.92233089220495657  0.93284670843678996  0.94308251387124697  0.95346614724554679
  0.96450702012124367  0.97624207672295116  0.98808930244004833  1.00000000000000000
 -0.00273086263761911  0.01134977574990119  0.02259148353589190  0.03452168820996854
  0.04694615190483235  0.05939468352616759  0.07146314687613843  0.08306768248990293
  0.09384823256350748  0.10341976610135800  0.11243545184759060  0.12090254364768319
  0.13019848684432050  0.13998676985234040  0.15062919695776297  0.16054880249047859
  0.17027668845527028  0.18002707712138413  0.18966716062347891  0.19869425337526883
  0.20789209060818620  0.21781866679652900  0.22836541709863745  0.23926171446079986
  0.25021772409705845  0.26170580017244949  0.27310201946369839  0.28474391914724473
  0.29613174832090300  0.30746016488884909  0.31901313163384282  0.32996124322780929
  0.34080618740101742  0.35181831056856977  0.36316582453892043  0.37451332892704348
  0.38524034903769727  0.39589694455359398  0.40655651973605905  0.41725020072966262
  0.42761925157517694  0.43753099206496693  0.44776211835349072  0.45851516154871724
  0.46940328452214741  0.48030717649484250  0.49070196054721943  0.50103147556420691
  0.51124128570000693  0.52138362059268473  0.53188585629063478  0.54349376212978517
  0.55563557853328649  0.56797977775969111  0.58007937896041073  0.59195302453318133
  0.60319447913176505  0.61358533767145174  0.62344874455538080  0.63345728791394118
  0.64338318590375310  0.65300188464069386  0.66251967447184168  0.67244165255858002
  0.68294710323171504  0.69314195627544684  0.70238252249096145  0.71200656563382192
  0.72229884455365967  0.73270058247146241  0.74306825988640912  0.75288397930201889
  0.76264349893169747  0.77251928133077508  0.78321654825395859  0.79411268353455489
  0.80415315810425314  0.81370981614469184  0.82392104625783469  0.83489700730779626
  0.84628988430495344  0.85730708756591134  0.86879750262651245  0.87987678247548340
  0.89032629826045084  0.90067705953637600  0.91097676752335288  0.92062103090987601
  0.92998504887653577  0.93916412877439970  0.94949142085023919  0.95933367951374959
  0.96942733437747863  0.97943865454016554  0.98996615043645586  1.00000000000000000
  0.00217066711578874  0.05530747630041551  0.08596141498298734  0.10289023272547797
  0.11690136278106382  0.12865941729036207  0.13754376997144410  0.14483856145463228
  0.15148576268380215  0.15789766098881697  0.16458352521623396  0.17166095399088438
  0.17847512132211693  0.18485199478446224  0.19090204270295150  0.19673628839123108
  0.20255589186767961  0.20872694243135378  0.21422392318454214  0.21963724486510322
  0.22494694459472922  0.23014544396667161  0.23572806793781101  0.24123456278901598
  0.24628374235503442  0.25094463008028828  0.25544677867438059  0.25994790842212989
  0.26462809341395294  0.26966365769966039  0.27505428054030973  0.28053592064363236
  0.28604155276514143  0.29190154763297960  0.29786264283048514  0.30347597486409933
  0.30869009473612968  0.31387196272729578  0.31912489149930540  0.32436096055666164
  0.32968781432101724  0.33501132310468162  0.34056171692011233  0.34639026466026890
  0.35222401167627276  0.35806618839556781  0.36406278394587716  0.37026019660473175
  0.37652899350462604  0.38274128477735431  0.38882836653858482  0.39488990884762964
  0.40101196999890099  0.40697149573444724  0.41293171536915380  0.41904912719671605
  0.42533520474237280  0.43173370311302933  0.43831975341224017  0.44500537029083309
  0.45193423177262776  0.45911770802477503  0.46654436385618264  0.47420785664498361
  0.48181089409630340  0.48956998102387955  0.49744467720706542  0.50551125083172299
  0.51389006632079037  0.52227756526530300  0.53062506886626126  0.53932205396377686
  0.54801412212993916  0.55665663601400339  0.56538012412239591  0.57452607082222329
  0.58411084493900756  0.59405859415567996  0.60405753739855739  0.61468017977269873
  0.62585049822441674  0.63738915910929772  0.64883755853630121  0.66035687490247963
  0.67268674728414735  0.68683855602495958  0.70153967918143345  0.71634303850333569
  0.73192886118174394  0.74799473725052601  0.76723336945538390  0.79212328680076771
  0.81963735953317030  0.85092930250893717  0.89461632483103837  1.00000000000000000
 -0.02054158192207364  0.11560053774443402  0.15283817620192675  0.17656470323321041
  0.19361014971023180  0.20827299292240153  0.22183083957611152  0.23432503589799231
  0.24633075931300441  0.25783232021989255  0.26862848836643899  0.27854298398880906
  0.28771820518541463  0.29592936932645070  0.30335254503566622  0.31088597899460668
  0.31795447308514518  0.32448701390965240  0.33105658119262771  0.33741652463400429
  0.34321455655496463  0.34869983893138606  0.35443694597646463  0.36109067708286124
  0.36783549513954406  0.37420141334414614  0.38018018256675823  0.38656084010491970
  0.39278958441875239  0.39887560057586674  0.40471555689578781  0.41048015229819373
  0.41651380584677167  0.42230501759333638  0.42810721114208272  0.43370386352116419
  0.43919033287513504  0.44442672990997883  0.44957040060760189  0.45482015653047214
  0.46025300073009234  0.46565103672917685  0.47094986329752936  0.47605987657429838
  0.48113116227196445  0.48643183673454726  0.49182718529560088  0.49712716721520184
  0.50248507749500226  0.50787754368234173  0.51316292538580977  0.51840895284745148
  0.52369682992287891  0.52910018231951450  0.53478353735288708  0.54027556529822229
  0.54535562102780433  0.55034678679115001  0.55547215391914084  0.56120687299866401
  0.56706523300156875  0.57281634005711168  0.57844385243040042  0.58392461498179815
  0.58940591560712075  0.59508772176018532  0.60093321606074712  0.60696884935985840
  0.61334990456514471  0.61926826881441366  0.62549719711887597  0.63176631168513631
  0.63849561751916983  0.64531275163456181  0.65245588425054113  0.65973568705547248
  0.66724673629317921  0.67452993992630716  0.68154229956045398  0.68854852652598553
  0.69545846521294707  0.70306168810325520  0.71071842515635730  0.72004821791029849
  0.72919435054518500  0.73881954492111279  0.74854179208403626  0.75834702035551127
  0.76915770710567133  0.78110543756577711  0.79437537574019035  0.80943403108611622
  0.82679051859749275  0.84778934973302666  0.88413028652411407  1.00000000000000000
   1.3710016105699999E-010   1.1912660476200001E-006
  <DiscreteSampler_grid>
  Helicity
  1 # 1 for a reference and 2 for a running grid.
  80 # Attribute 'min_bin_probing_points' of the grid.
  1 # Attribute 'grid_mode' of the grid. 1=='default',2=='initialization'
  0.0300000000000000 # Attribute 'small_contrib_threshold' of the grid.
  0.3330000000000000 # Attribute 'damping_power' of the grid.
 # binID   n_entries weight   weight_sqr   abs_weight
    1   4188   5.979264955583148E-010   5.481706693331244E-018   5.979264955583148E-010
    2   358   4.077367989527936E-011   5.863732058809075E-020   4.077367989527936E-011
    3   201   2.888192055802282E-011   1.116493157449179E-020   2.888192055802282E-011
    4   3957   5.519259974007437E-010   3.941119768429153E-018   5.519259974007437E-010
  </DiscreteSampler_grid>
  <DiscreteSampler_grid>
  grouped_processes
  1 # 1 for a reference and 2 for a running grid.
  10 # Attribute 'min_bin_probing_points' of the grid.
  1 # Attribute 'grid_mode' of the grid. 1=='default',2=='initialization'
  0.0300000000000000 # Attribute 'small_contrib_threshold' of the grid.
  0.3330000000000000 # Attribute 'damping_power' of the grid.
 # binID   n_entries weight   weight_sqr   abs_weight
    16   10   3.122286301850000E-002   1.419116791420000E-003   3.122286301850000E-002
    22   10   3.122286301850000E-002   1.419116791420000E-003   3.122286301850000E-002
    10   10   3.122286301850000E-002   1.419116791430000E-003   3.122286301850000E-002
  </DiscreteSampler_grid>
