+0.0265542418830529 +0.0326228550896474 +0.0368970755634665 +0.0417531054567720 
+0.0471934818354783 +0.0530030072838867 +0.0589519970794054 +0.0651039950144741 
+0.0713197098160591 +0.0776321313119813 +0.0841526326650649 +0.0910025116709115 
+0.0981928233572690 +0.1054739304251363 +0.1124605617727527 +0.1191508819173187 
+0.1256046537546123 +0.1320889780892233 +0.1388028319550295 +0.1458027202275728 
+0.1528304872001651 +0.1598083628391711 +0.1669051051280408 +0.1741779842424892 
+0.1817220189063703 +0.1895815696604975 +0.1977117802060152 +0.2059442228467123 
+0.2140384207529354 +0.2220289464622914 +0.2301424015013901 +0.2385059062418441 
+0.2470606298133020 +0.2559232928824847 +0.2647392904801459 +0.2736596213583440 
+0.2832840420364325 +0.2929328293930388 +0.3022920205761791 +0.3116743980384149 
+0.3212320497028662 +0.3306458931155480 +0.3401558915934712 +0.3494905541009398 
+0.3588522699237786 +0.3682524188808503 +0.3778110580739780 +0.3874792337550700 
+0.3971927199073000 +0.4069399411423699 +0.4165875235178426 +0.4261765029268315 
+0.4360310100528129 +0.4462830644047278 +0.4569885998657883 +0.4672314129753417 
+0.4769589129675188 +0.4865781334146338 +0.4963274583942968 +0.5062588968560371 
+0.5162033747740399 +0.5263903366064945 +0.5369797212550905 +0.5482636884296083 
+0.5599350592634631 +0.5711442511813326 +0.5819411896399269 +0.5926379580301196 
+0.6035095247951355 +0.6145041822448919 +0.6264379834822423 +0.6395278317909572 
+0.6533266268787122 +0.6671648586967381 +0.6803947394855180 +0.6935855862349176 
+0.7067497058737350 +0.7197543100171268 +0.7330141227182400 +0.7468341374272554 
+0.7605072782634689 +0.7743563675994947 +0.7886111386169123 +0.8025790183047445 
+0.8171378602578115 +0.8329155288508561 +0.8494168854038406 +0.8677602743904466 
+0.8885523239137298 +0.9092685607896928 +0.9283340649158247 +0.9452033384561623 
+0.9589105047219382 +0.9632497231242293 +0.9632497231242393 +0.9708685615807865 
-0.0001563748931600 +0.0014055751165237 +0.0027066456176064 +0.0045095357974484 
+0.0068984856918672 +0.0095654275784566 +0.0125670749891687 +0.0160471604348821 
+0.0197494069260909 +0.0238756640448798 +0.0284897767326953 +0.0334580668122408 
+0.0386609499127257 +0.0441835862297699 +0.0499466661400654 +0.0565650621404755 
+0.0636952035446870 +0.0708291547987288 +0.0780610848708889 +0.0856339496775667 
+0.0932612266850748 +0.1009214657605464 +0.1089489953796003 +0.1168100364103473 
+0.1250164874336771 +0.1332833441830845 +0.1420971490005770 +0.1515011927471809 
+0.1614273302678074 +0.1717684376185939 +0.1813174753522251 +0.1895168731440938 
+0.1978275570163427 +0.2064946039554079 +0.2155164259887639 +0.2250771063245143 
+0.2353196957949638 +0.2458167378959496 +0.2562811896256076 +0.2667376308320148 
+0.2775956297818899 +0.2888097699173376 +0.2999497420734095 +0.3108221357249103 
+0.3210758440386614 +0.3315783536779856 +0.3424359796382528 +0.3537692721141321 
+0.3654824592163406 +0.3773725402674070 +0.3895508972775623 +0.4020671150114798 
+0.4146844185204516 +0.4270329007256776 +0.4395600488358604 +0.4522904233699088 
+0.4649801753621228 +0.4779827478713023 +0.4914754105903434 +0.5052772056230702 
+0.5187408165142642 +0.5320515490411185 +0.5451373817527738 +0.5583237359222916 
+0.5715215238581740 +0.5845892619824734 +0.5976215139253275 +0.6106939357239048 
+0.6233896806668212 +0.6360630783267026 +0.6487941076929755 +0.6618491049955678 
+0.6763579965201673 +0.6908321704932505 +0.7049840102227855 +0.7191095911762660 
+0.7329589010968229 +0.7460856765841090 +0.7585870516646158 +0.7713006475056359 
+0.7840802145443660 +0.7971621586310863 +0.8105203976762764 +0.8238460719491481 
+0.8368575876191863 +0.8499301834913267 +0.8632865074643179 +0.8777401953495259 
+0.8924753584299659 +0.9070425503853592 +0.9214892827503596 +0.9366292578261034 
+0.9522000208502679 +0.9681107168828011 +0.9841436938096447 +1.0000000000000000 
-0.0027500612952609 +0.0106787025362505 +0.0216827087604385 +0.0331001749742474 
+0.0446992954961489 +0.0549312677095788 +0.0648139006418275 +0.0750652295489505 
+0.0854479232760035 +0.0960753831417935 +0.1067982646015695 +0.1179698562759741 
+0.1285691633512840 +0.1386242907232266 +0.1486455762624473 +0.1586775103119100 
+0.1691190941923087 +0.1799292592092133 +0.1911145971131470 +0.2029164310743914 
+0.2144674563677380 +0.2257628798696775 +0.2369955072029621 +0.2481121855529172 
+0.2588733581589628 +0.2689587637117233 +0.2788742701446361 +0.2888759821729046 
+0.2990635590293200 +0.3089976277260416 +0.3195048435719471 +0.3298624053412929 
+0.3401606180845070 +0.3501288663726689 +0.3601330736299991 +0.3704016426469209 
+0.3806091016232291 +0.3914460185278588 +0.4021349953292607 +0.4116123303981803 
+0.4208383809361728 +0.4307035575833309 +0.4417780137595659 +0.4535364501744519 
+0.4647431706829757 +0.4760952812709034 +0.4875082793086092 +0.4995586417758129 
+0.5117013573816915 +0.5229974716218332 +0.5329325698361759 +0.5427009569440278 
+0.5526639494977943 +0.5621864272265935 +0.5713204796586105 +0.5802681563701712 
+0.5907400280613485 +0.6022715762714544 +0.6134836657137017 +0.6241029202248031 
+0.6340160676331081 +0.6436824810945491 +0.6534191790942734 +0.6629103478067780 
+0.6725345175408783 +0.6820358736230884 +0.6920378392332072 +0.7021171117217120 
+0.7122301081410942 +0.7226461626215841 +0.7335543925882421 +0.7442633367139792 
+0.7552127695261412 +0.7662101945066744 +0.7776944017549008 +0.7883709822546943 
+0.7994595447659171 +0.8105995015871560 +0.8219618823375178 +0.8328864679043427 
+0.8431688242742920 +0.8534158112995766 +0.8640053535134776 +0.8745656853730238 
+0.8855424406435559 +0.8962676053716295 +0.9074901291147385 +0.9184256133107302 
+0.9284133236769991 +0.9384174169045458 +0.9484374360488298 +0.9583838255526006 
+0.9684211155483324 +0.9780636320384721 +0.9892454368732592 +1.0000000000000000 
-0.0022897759210828 +0.0093515009803859 +0.0179756797291117 +0.0279512625648349 
+0.0379300499435731 +0.0480765194035233 +0.0579533200039063 +0.0677771443473461 
+0.0779546188851541 +0.0887339045344853 +0.1005694721069872 +0.1125097175635054 
+0.1246421740861454 +0.1362563112843209 +0.1474276065313203 +0.1582419310682561 
+0.1692698456451812 +0.1804349328552446 +0.1913739026394976 +0.2020514537764790 
+0.2127197137670435 +0.2234388397208963 +0.2339827752241934 +0.2446035813733996 
+0.2558188747976405 +0.2674092860899799 +0.2793659686691088 +0.2915408886136789 
+0.3034600884438350 +0.3148741254140046 +0.3257782669464914 +0.3365123621681959 
+0.3471565202648774 +0.3578021439961011 +0.3685258021938996 +0.3792384099507358 
+0.3899965047247204 +0.4010006719965964 +0.4121150545308938 +0.4228627733631972 
+0.4332139202260844 +0.4433138797159411 +0.4530602343222547 +0.4622169242601850 
+0.4709804582610412 +0.4801273611202773 +0.4902248335384680 +0.5013784143546676 
+0.5126130151551623 +0.5233552682738135 +0.5337905872403942 +0.5439992216499053 
+0.5545545778171508 +0.5650834250035388 +0.5760644603421882 +0.5875349217560681 
+0.5985995544893125 +0.6097985606525345 +0.6201393162224966 +0.6300816394388045 
+0.6397087187917545 +0.6497297076709916 +0.6594248718112663 +0.6693935388423711 
+0.6798237388983491 +0.6909032083940435 +0.7020515482624691 +0.7127765737001331 
+0.7231350200382379 +0.7330354446579446 +0.7426417377111810 +0.7519513667320583 
+0.7611533849238760 +0.7704259464080269 +0.7800764670377692 +0.7901217410229581 
+0.8004368030996833 +0.8105529588813999 +0.8203606838104406 +0.8300786274048041 
+0.8396840076689509 +0.8497505940336151 +0.8596818955905898 +0.8695580771729161 
+0.8798633634202553 +0.8905269505423392 +0.9009760369221091 +0.9111363915353797 
+0.9215607877399720 +0.9326791200590286 +0.9433714337298574 +0.9541434603867495 
+0.9651144103077539 +0.9770238073058597 +0.9885145326221241 +1.0000000000000000 
-0.0027308626376191 +0.0110397638326019 +0.0219146987938909 +0.0329365971096764 
+0.0444644767237338 +0.0561319520233026 +0.0681322587315312 +0.0801472490837036 
+0.0915417957780230 +0.1020207360836730 +0.1114594021808004 +0.1204081427273275 
+0.1299382812846446 +0.1400012999663157 +0.1505458159853799 +0.1608048843778893 
+0.1707970103340810 +0.1808042145712966 +0.1904893262920522 +0.1997998263995460 
+0.2094152412085312 +0.2197759282255200 +0.2303656384994339 +0.2410661825036039 
+0.2520196542808265 +0.2636575258472293 +0.2751142700597164 +0.2863974329412380 
+0.2970935783623448 +0.3075635395391179 +0.3183361469672130 +0.3290597096054744 
+0.3399295524144914 +0.3506875040623342 +0.3613929368907150 +0.3721293607856014 
+0.3828155958150087 +0.3936092563218547 +0.4045008606218962 +0.4155893906139419 
+0.4262796438987576 +0.4364517129187760 +0.4465771765784811 +0.4570075276709663 
+0.4677444844345839 +0.4784996229544405 +0.4890417950535302 +0.4993254557096169 
+0.5092333756834920 +0.5188368749665468 +0.5286380491081374 +0.5394932138374340 
+0.5517013499908195 +0.5645259204746846 +0.5772728626468462 +0.5891776816445978 
+0.6003643740529461 +0.6110208084734915 +0.6212796013491844 +0.6317809005914755 
+0.6422471430793701 +0.6523463149263993 +0.6621366071628229 +0.6720622251508458 
+0.6823419795197964 +0.6923136510140266 +0.7016639841043125 +0.7111728091932417 
+0.7213207857167996 +0.7317259700877262 +0.7422921532012060 +0.7523491508239000 
+0.7617823389287003 +0.7711714643779208 +0.7812808536374992 +0.7920068670143369 
+0.8023881951615500 +0.8120472971236082 +0.8220629228311473 +0.8325449981160594 
+0.8437408836810454 +0.8551128376667412 +0.8670163518465180 +0.8784282379568211 
+0.8888859329153218 +0.8988596660849155 +0.9089029828483912 +0.9187646345289444 
+0.9283943998934830 +0.9379945156887664 +0.9482571923205937 +0.9583032981675365 
+0.9682748082624867 +0.9786733728888666 +0.9895192282923512 +1.0000000000000000 
-0.0005512849756477 +0.0533829266569853 +0.0842003112747294 +0.1016827180980852 
+0.1156086016858160 +0.1270635870640965 +0.1361558996857379 +0.1435589943630998 
+0.1504411173861067 +0.1570617394470133 +0.1637159742928800 +0.1707494851772203 
+0.1773329997292232 +0.1835529431523628 +0.1895368342682005 +0.1952816155394702 
+0.2010475336598265 +0.2070807783175679 +0.2130191575180198 +0.2188222400192239 
+0.2245849937342299 +0.2302091925065962 +0.2359829033905694 +0.2416479894471501 
+0.2466829754061104 +0.2513856671862278 +0.2559436696805691 +0.2604287964738310 
+0.2650854916458407 +0.2701693926504764 +0.2757013967079746 +0.2814247625160831 
+0.2871398180013420 +0.2930147047501667 +0.2990863248368318 +0.3045281751875692 
+0.3097214974376679 +0.3148721231594028 +0.3201286471102281 +0.3255242804615983 
+0.3310474360646207 +0.3366813317974207 +0.3424127704505332 +0.3483377047593126 
+0.3541564852778138 +0.3599474591849640 +0.3658549536702023 +0.3718894341806336 
+0.3779834131575199 +0.3840116705525722 +0.3899342987330673 +0.3958832251614814 
+0.4020060746184198 +0.4082326349756711 +0.4145171433940930 +0.4210111298221904 
+0.4275827318596726 +0.4341520251101222 +0.4408215122866485 +0.4474362891572695 
+0.4543350611539500 +0.4614491501942068 +0.4691177076975981 +0.4768096943190737 
+0.4845069473800573 +0.4920996559102681 +0.4998392360245709 +0.5079928531787431 
+0.5165310340855035 +0.5250919911306350 +0.5334500926218221 +0.5417326834130127 
+0.5498836491003884 +0.5583107781598483 +0.5670274099683520 +0.5762668351081234 
+0.5857269055333133 +0.5954638844824586 +0.6053661149268820 +0.6158349225026247 
+0.6267501649393149 +0.6378147892689997 +0.6487611349112029 +0.6599249895198102 
+0.6721370763037863 +0.6860835205713138 +0.7004161257971254 +0.7153651438771885 
+0.7312511393778561 +0.7479001973921248 +0.7674401710621597 +0.7909134584193180 
+0.8176964767130324 +0.8497355334034339 +0.8954180925994832 +1.0000000000000000 
-0.0205415819220736 +0.1170922793193793 +0.1538110229562772 +0.1772479238728392 
+0.1944169085798501 +0.2090286146187324 +0.2224064108314737 +0.2347239370409978 
+0.2466773007005814 +0.2581347158349527 +0.2689550950377652 +0.2789958150587689 
+0.2884808085128520 +0.2967805984078168 +0.3042829182717460 +0.3116861798009739 
+0.3186535181684725 +0.3253848310894951 +0.3321056331108682 +0.3384797326317065 
+0.3443704198910004 +0.3501374355483710 +0.3562963932754422 +0.3629639703563354 
+0.3695488011007336 +0.3756515577611896 +0.3815571248988653 +0.3876127351817226 
+0.3937093869634883 +0.3997106652596581 +0.4055128920945256 +0.4112217156258450 
+0.4169926744246201 +0.4226885311038611 +0.4282768763100102 +0.4338185452039937 
+0.4391940642231939 +0.4443733363303110 +0.4495293832425683 +0.4548232437766790 
+0.4602922734409961 +0.4657199986416508 +0.4710032053367564 +0.4761286015721936 
+0.4812731724481312 +0.4866272280843051 +0.4920928438970003 +0.4975424572603794 
+0.5029488392523989 +0.5084483049410566 +0.5136292911176734 +0.5189896812039887 
+0.5244481189026429 +0.5299809810920525 +0.5356896806684690 +0.5410217139597222 
+0.5461009903084225 +0.5512372303419583 +0.5566399950301700 +0.5625770249286902 
+0.5685481128745892 +0.5742735257331170 +0.5798914649870803 +0.5852968771157430 
+0.5907226603372258 +0.5962983261284432 +0.6020296679519846 +0.6080638410443431 
+0.6142873235673687 +0.6203083136117064 +0.6265763316695107 +0.6329451971839247 
+0.6393486791663823 +0.6457881411410481 +0.6524111929616911 +0.6592904797270269 
+0.6665579710767370 +0.6736648476848743 +0.6807173981553786 +0.6876752439531614 
+0.6946493128247330 +0.7020689478773653 +0.7097825690004894 +0.7191672610185377 
+0.7285600949748697 +0.7382381950222713 +0.7479751322385892 +0.7577501696433495 
+0.7683778945036552 +0.7803673217467485 +0.7937502707681466 +0.8088389055851252 
+0.8260591476960413 +0.8473835408282783 +0.8845062434164732 +1.0000000000000000 
7.02483994448e-11 4.65660680608e-07 
  <DiscreteSampler_grid>
  Helicity
  1 # grid_type. 1=='ref', 2=='run'
  80 # Attribute 'min_bin_probing_points' of the grid.
  1 # Attribute 'grid_mode' of the grid. 1=='default',2=='initialization'
  0.030 # Attribute 'small_contrib_threshold' of the grid.
  0.333 # Attribute 'damping_power' of the grid.
#  binID   n_entries weight   weight_sqr   abs_weight
    1   6761 4.72824916783e-10 3.4626598001e-18 4.72824916783e-10
    4   6421 4.44026439139e-10 2.49742314836e-18 4.44026439139e-10
    2   515 3.5404696014e-11 4.20794645279e-20 3.5404696014e-11
    3   339 2.26672461763e-11 7.02775676195e-21 2.26672461763e-11
  </DiscreteSampler_grid>
  <DiscreteSampler_grid>
  grouped_processes
  1 # grid_type. 1=='ref', 2=='run'
  10 # Attribute 'min_bin_probing_points' of the grid.
  1 # Attribute 'grid_mode' of the grid. 1=='default',2=='initialization'
  0.030 # Attribute 'small_contrib_threshold' of the grid.
  0.333 # Attribute 'damping_power' of the grid.
#  binID   n_entries weight   weight_sqr   abs_weight
    16   10 0.0312228630185 0.00141911679142 0.0312228630185
    22   10 0.0312228630185 0.00141911679142 0.0312228630185
    10   10 0.0312228630185 0.00141911679143 0.0312228630185
  </DiscreteSampler_grid>
