  0.00103539871412479  0.00523301789688927  0.00893372220294874  0.01235934441282485
  0.01636786773257086  0.02096297685455046  0.02630316754494330  0.03184477925284445
  0.03740511991755392  0.04313087948706581  0.04923575395974678  0.05582923582392375
  0.06258011842855081  0.06947424569000472  0.07642463999494287  0.08340246617552526
  0.09057320367939101  0.09829225454370484  0.10640769427746774  0.11438469030886024
  0.12212791729378245  0.12973833957352768  0.13758174312751706  0.14527831088572041
  0.15278946594778800  0.16040451322999971  0.16842524811278953  0.17672783243768947
  0.18546387149938895  0.19408578307012481  0.20265262512066801  0.21138695699358265
  0.22054561418624422  0.23006620412080692  0.23969631103605715  0.24920092320858131
  0.25850205445171770  0.26788715569366955  0.27726660342115772  0.28686258898741063
  0.29657261420014608  0.30630340992112165  0.31624373666785494  0.32651084250560108
  0.33695219698674161  0.34735816444066608  0.35749326711356078  0.36755229474441797
  0.37743836996534402  0.38750864391308065  0.39770680030433248  0.40807052690091150
  0.41864528336366347  0.42947916618903120  0.44068840017136435  0.45182502477578301
  0.46286115083452639  0.47371039572353218  0.48477580475237186  0.49631162104286980
  0.50835916182373897  0.52070078057574221  0.53310108747203533  0.54559184509065950
  0.55839503924687117  0.57096434771455140  0.58305714604558423  0.59538504179449192
  0.60841803029009633  0.62216268687546783  0.63603283686861345  0.64965938885124963
  0.66332271322430436  0.67727899261537039  0.69135935489213152  0.70544222884881058
  0.72000046963922482  0.73503710107910114  0.75069372533227297  0.76688318339794204
  0.78326201511182059  0.79993767287840822  0.81757326322082902  0.83664678764462874
  0.85657764007445425  0.87835425511538068  0.90033307543015983  0.92255782663699115
  0.94344843312026427  0.95983185982407659  0.97102597921508571  0.97937837025937946
  0.98566560983269391  0.99088554698767739  0.99558477086828334  1.00000000000000000
 -0.00204883449272734  0.00974234732240956  0.01961043453178885  0.02979972798456399
  0.03997534376538753  0.05049667904950903  0.06107580779949652  0.07144098508179246
  0.08144265412993042  0.09176613785781791  0.10221912660919556  0.11283023570057146
  0.12313213240012771  0.13366389761220701  0.14383844723179212  0.15460246879646145
  0.16450881354068769  0.17494256656478133  0.18487855966459069  0.19642985811084160
  0.20744868027602853  0.21857107968358086  0.22904205008434114  0.23967315279868148
  0.25085315864428492  0.26255685219938474  0.27428505041501805  0.28540103637604303
  0.29588416010241264  0.30591951794818245  0.31574500860142907  0.32597363437274796
  0.33632239795144531  0.34626252768155236  0.35627957400001148  0.36668230399624019
  0.37773567087082133  0.38829069532531718  0.39894864558961118  0.40925417629934957
  0.41951697125119014  0.42992097728786249  0.44111664385571686  0.45282572480091415
  0.46445580140953996  0.47595072376232600  0.48540522788755464  0.49463518640776083
  0.50385771024179327  0.51335387594047355  0.52371702461506697  0.53391496502885305
  0.54461871337397005  0.55576092463424565  0.56634145526395374  0.57629983054806411
  0.58657782871207276  0.59800236522489880  0.60968774066250497  0.62120592443472800
  0.63219621715629259  0.64320639074988450  0.65433587233468038  0.66583172341821550
  0.67739458610357794  0.68901487733551070  0.70058004055221157  0.71139854482607334
  0.72141246932437708  0.73122551280232928  0.74103179140908693  0.75152860354756001
  0.76233344760446675  0.77361244163173981  0.78400783383400285  0.79420642514489759
  0.80431078370233955  0.81500134891759057  0.82534302187254971  0.83544079990374520
  0.84554661003456921  0.85596388190730688  0.86582949516300767  0.87543963276056402
  0.88507528907726474  0.89486348647564284  0.90481386123419361  0.91452319415148120
  0.92452906459538131  0.93467802877866435  0.94506463456405421  0.95590469952137447
  0.96710672772801909  0.97801011240663660  0.98902435594131755  1.00000000000000000
 -0.00213969592187178  0.00930792908243046  0.01834161632824330  0.02801607566742004
  0.03784730718450800  0.04786057055723518  0.05864944405442697  0.06950807287275708
  0.08083767322845632  0.09211543233896972  0.10356481233489757  0.11501215480460043
  0.12658545216901124  0.13834728221119463  0.14961093597660827  0.16026867117640561
  0.17082976375455314  0.18146856559653046  0.19195846071706674  0.20193524053330492
  0.21191142462281526  0.22253469940308981  0.23338953613962174  0.24416008200320019
  0.25434656871574546  0.26428765995602632  0.27422144078773253  0.28434099701829529
  0.29460601294249489  0.30499627328058498  0.31553532871625839  0.32595232233293148
  0.33593208289841531  0.34578835729066515  0.35591508233904318  0.36604949453565694
  0.37629509121598814  0.38712727861109042  0.39827580924248968  0.40945111836318909
  0.42045339462648590  0.43132863350043688  0.44175437998942035  0.45224101977799008
  0.46250668973506032  0.47320297058442429  0.48367326181855352  0.49431597033191654
  0.50599644767864915  0.51781468967211619  0.52913766782450444  0.54040468477331738
  0.55197808274060622  0.56308802520236967  0.57293415348273047  0.58044115064486412
  0.58873771257244512  0.59735910366424749  0.60641161816089040  0.61653451029347317
  0.62696554394277881  0.63755508779187364  0.64788766149927235  0.65822981971035288
  0.66906953986998086  0.67988627678811941  0.69090905901318300  0.70127615037169966
  0.71138870888956562  0.72088389942807607  0.73005355129191041  0.73994043224053252
  0.74995424166373670  0.76038024858008735  0.77064951901473777  0.78047171318148600
  0.79077652185536862  0.80116246356535625  0.81159556854818715  0.82226841981735688
  0.83301906490886879  0.84412294506846486  0.85544440410088796  0.86689269927135149
  0.87803744910792469  0.88910757769186710  0.90038063320504313  0.91161603285389692
  0.92284644220686718  0.93397056221038910  0.94480185317638821  0.95536238610679569
  0.96594432797740737  0.97722770800480396  0.98866706522208370  1.00000000000000000
 -0.00206264098699071  0.00985066263271947  0.01985785365353122  0.03007920822849321
  0.04054138572979174  0.05128883020558782  0.06230961693778490  0.07365610041136693
  0.08509744375349518  0.09646476136791204  0.10769958777720905  0.11906784644305986
  0.13017066196487920  0.14110875426969935  0.15169980077974721  0.16199788205232965
  0.17216323870063077  0.18250753444372436  0.19359095069581969  0.20489622226279086
  0.21595105964405190  0.22662938119873519  0.23705557386661652  0.24759778890623405
  0.25776711347552705  0.26790284008559134  0.27860195953516631  0.28943426912770964
  0.30036719107475934  0.31018617900764117  0.31996030297362993  0.33006698083883707
  0.34101792010343279  0.35169164752235066  0.36174264680790730  0.37167787294947785
  0.38193160515368996  0.39282557501469439  0.40393609743107545  0.41509631659770346
  0.42609097944053365  0.43698825512390876  0.44796875172635098  0.45880641439914466
  0.46895626024637199  0.47854474056479374  0.48809675503432898  0.49769542121439897
  0.50770450885176721  0.51820809848674998  0.52936261126200757  0.54090546405882800
  0.55239216503362476  0.56397551920249755  0.57541122622068841  0.58649580247870348
  0.59748699833764674  0.60859652888935711  0.61964644860166274  0.63095717231384085
  0.64248649425291904  0.65163601052746056  0.66044925633066875  0.66913376442052608
  0.67785644651880528  0.68856163671837667  0.69953920704343187  0.71042695696686065
  0.72147028938153590  0.73236124540901126  0.74309911319314192  0.75413105717607587
  0.76555442548612662  0.77743065262639399  0.78977811759897021  0.80195867706390034
  0.81405424631961043  0.82510624661802501  0.83517642922267410  0.84436910072820526
  0.85380050501255944  0.86333595236094629  0.87308640844002117  0.88269970159864686
  0.89234965125839694  0.90214363094675665  0.91215953018389051  0.92213956622108839
  0.93198779637152562  0.94217254257691174  0.95262651735192572  0.96289766969486823
  0.97297326437275988  0.98246909977977048  0.99150008103309906  1.00000000000000000
 -0.00225567274528591  0.00990037769716899  0.01985413053196183  0.02934087650028094
  0.03893587077508404  0.04898123673060344  0.06010889944712403  0.07042008209415165
  0.08023646020978817  0.09035906933818401  0.10157733173631062  0.11299686659909575
  0.12398127048740056  0.13433271896011459  0.14483430744732717  0.15563055154514222
  0.16684561963211622  0.17760713177756776  0.18805033990427672  0.19850801360985401
  0.20817283908763837  0.21641718364290885  0.22469760217611295  0.23293260550427969
  0.24198075872123345  0.25284206218830407  0.26386684078939326  0.27519735691607122
  0.28635262689210006  0.29715620569091161  0.30778417862492213  0.31800239888944115
  0.32817537439514211  0.33839787448218550  0.34914836422470119  0.36041428655331414
  0.37155049947759300  0.38267649885548338  0.39368955596865068  0.40523008065967470
  0.41700762482624415  0.42846804394480481  0.43904661365639086  0.44933051733079277
  0.45914279249332030  0.46854955985378088  0.47794612208038162  0.48831249270991273
  0.49950425390673769  0.51064836458186758  0.52125506856659509  0.53215134677299913
  0.54328180791384062  0.55400428876977270  0.56475171226081822  0.57539472568386008
  0.58596001915441354  0.59676784609186051  0.60787103161492051  0.61920872587126030
  0.63058209485145633  0.64170453632088709  0.65271583506428832  0.66342419212502768
  0.67447664729963974  0.68493719518149332  0.69554338849123398  0.70616703571882244
  0.71754384455314157  0.72853891143370431  0.73913407431683964  0.74996345116006302
  0.76090169643295780  0.77146843400212284  0.78177270676294652  0.79208482132761449
  0.80282898232928157  0.81345338878191265  0.82441209811266147  0.83558212343232974
  0.84673563137039731  0.85764879584069398  0.86835877501210956  0.87915183016726683
  0.88985053652125001  0.90035296055340508  0.91085485369709596  0.92118766154368259
  0.93166374086840464  0.94219677979906691  0.95218017242396935  0.96163783430329131
  0.97090076865076924  0.97996311289785787  0.99011290387387074  1.00000000000000000
 -0.00139577802074172  0.00633886357652775  0.01378776213464088  0.02337118812638497
  0.03949999910989847  0.05601168444919430  0.07215706161447191  0.08682468455307334
  0.09957071837027874  0.11111399117956659  0.12138892968259939  0.13036095768905925
  0.13804826488378835  0.14475009075081696  0.15130050285770200  0.15800809854395106
  0.16487877848097557  0.17180892703978221  0.17868829530671174  0.18560312440307203
  0.19256890799560863  0.19877271622109371  0.20475404037889777  0.21065661312164535
  0.21629808047485979  0.22196375747816019  0.22750817640422588  0.23297685794352652
  0.23867416291031521  0.24444878285039084  0.25014498545755387  0.25584622111559352
  0.26151558988441254  0.26737083905989761  0.27334645644045935  0.27929783904456035
  0.28518505704888741  0.29099715938193665  0.29663674689812686  0.30222740553548239
  0.30775576120725823  0.31348467659030327  0.31944843064471440  0.32546908309045902
  0.33160491168077944  0.33796537777107855  0.34455430256635905  0.35127952964567233
  0.35806518808889576  0.36497140583875387  0.37173829732015023  0.37829916955116338
  0.38460221193467731  0.39102485012282634  0.39764667870676784  0.40440275496992595
  0.41117830650778914  0.41779721553949428  0.42431456370315807  0.43087937157776129
  0.43755342176787299  0.44437477102785389  0.45152509075086439  0.45883152131292559
  0.46627034694553865  0.47373147889277756  0.48133831781954267  0.48924935930543084
  0.49725158283341814  0.50556026449622316  0.51419008890837614  0.52286393492805594
  0.53178178274855636  0.54085752030067324  0.55014821839935579  0.55982819850082777
  0.56966529088436280  0.57976750105220154  0.59007082876742611  0.60076891608105221
  0.61213085727340311  0.62431029557811502  0.63730797377837523  0.65103099209288684
  0.66528547614332867  0.67964863251837271  0.69434628683992294  0.70984559972006034
  0.72720183265476646  0.74686184406195077  0.76779677213653852  0.79044680406730605
  0.81509377290460105  0.84528301018041929  0.88833425048209391  1.00000000000000000
 -0.00949927792371301  0.11734650510034947  0.15482178300580199  0.17812310090004266
  0.19652593871446955  0.21178476640038912  0.22441559758916033  0.23568003111712915
  0.24617624615249881  0.25612585156221096  0.26565586395258095  0.27326899212890521
  0.28034957383464959  0.28718149901280321  0.29398704340515552  0.30177619682851164
  0.30923310779350094  0.31640428367021611  0.32340064314791112  0.33044977876650317
  0.33703139477569988  0.34342108678379896  0.34980501792144514  0.35630892570845757
  0.36248446745050766  0.36846151694397594  0.37429898461389749  0.38013999879583610
  0.38630938403421927  0.39247103050434567  0.39869391546317662  0.40463964119544027
  0.41041226600419994  0.41613536669461132  0.42173546495066488  0.42723610567584680
  0.43247078962709062  0.43786418367562502  0.44305460798531299  0.44844269160480205
  0.45402254362320738  0.45953552737869474  0.46492494445735932  0.47023025034794513
  0.47532644736081614  0.48050416938813140  0.48564933893525164  0.49090596502073502
  0.49634409995503331  0.50180025302256337  0.50699608786708972  0.51218179042465983
  0.51755108500746727  0.52321424903563618  0.52901714319912685  0.53467452145785610
  0.54012995872155378  0.54544699410580844  0.55092882893411632  0.55678177184335265
  0.56270283246528863  0.56889463953427011  0.57493067662259423  0.58111263173397409
  0.58726595071952548  0.59313627729990381  0.59897336331795936  0.60485391641395125
  0.61102167404804197  0.61743055222399956  0.62400678785859054  0.63071954699516597
  0.63762800021740718  0.64480380279662664  0.65203770510529391  0.65922187696327483
  0.66614609225289023  0.67310637206997148  0.67990734242390494  0.68668161642331416
  0.69348753943662922  0.70079666180219213  0.70894026354865869  0.71771038884601057
  0.72685262127022754  0.73676953803373701  0.74764027542957756  0.75889775453116759
  0.77037475098620034  0.78268022896371059  0.79648485441381123  0.81220011404591030
  0.83145677243515781  0.85552501144125037  0.88591934204162703  1.00000000000000000
   6.0842608734400003E-009   9.3256716666700000E-005
  <DiscreteSampler_grid>
  Helicity
  1 # 1 for a reference and 2 for a running grid.
  80 # Attribute 'min_bin_probing_points' of the grid.
  1 # Attribute 'grid_mode' of the grid. 1=='default',2=='initialization'
  0.0300000000000000 # Attribute 'small_contrib_threshold' of the grid.
  0.3330000000000000 # Attribute 'damping_power' of the grid.
 # binID   n_entries weight   weight_sqr   abs_weight
    1   4097   2.514359935882955E-008   4.724349329050312E-015   2.514359935882955E-008
    2   129   4.100138085946408E-010   1.651251991933607E-017   4.100138085946408E-010
    3   113   2.113276662422618E-010   7.176622993193528E-018   2.113276662422618E-010
    4   4348   2.573664415428580E-008   4.403038235333076E-015   2.573664415428580E-008
  </DiscreteSampler_grid>
  <DiscreteSampler_grid>
  grouped_processes
  1 # 1 for a reference and 2 for a running grid.
  10 # Attribute 'min_bin_probing_points' of the grid.
  1 # Attribute 'grid_mode' of the grid. 1=='default',2=='initialization'
  0.0300000000000000 # Attribute 'small_contrib_threshold' of the grid.
  0.3330000000000000 # Attribute 'damping_power' of the grid.
 # binID   n_entries weight   weight_sqr   abs_weight
    16   10   6.433578248930000E-001   9.732288725640000E-001   6.433578248930000E-001
    22   10   6.433578248930000E-001   9.732288725640000E-001   6.433578248930000E-001
    10   10   6.433578248930000E-001   9.732288725640000E-001   6.433578248930000E-001
  </DiscreteSampler_grid>
