+0.0003371697475965 +0.0003430776103076 +0.0003471650385609 +0.0003503217935806 
+0.0003529915472978 +0.0003554420782956 +0.0003577411417821 +0.0003598565279589 
+0.0003617492109207 +0.0003633766879282 +0.0003647690579949 +0.0003659962971392 
+0.0003670183050375 +0.0003679035032531 +0.0003686179313807 +0.0003691904291779 
+0.0003696558001297 +0.0003700990239275 +0.0003705130101881 +0.0003708262416753 
+0.0003710954651899 +0.0003713320215138 +0.0003715545870299 +0.0003717733669190 
+0.0003719721199490 +0.0003721697805058 +0.0003723573565768 +0.0003725449326478 
+0.0003756263446748 +0.0003757885408326 +0.0003759555315797 +0.0003761308104326 
+0.0003763060892855 +0.0003765135930559 +0.0003767259938263 +0.0003769588171693 
+0.0003771984113843 +0.0003774733776195 +0.0003777596948086 +0.0003780630644836 
+0.0003783795491735 +0.0003787394486825 +0.0003791640004563 +0.0003798360863467 
+0.0003805318351211 +0.0003812342868899 +0.0003821066655785 +0.0003830965788954 
+0.0003842300347802 +0.0003855431847342 +0.0003870667767643 +0.0003887636547818 
+0.0003906142850493 +0.0003927234723796 +0.0003949849654600 +0.0003973682972793 
+0.0003998916347315 +0.0004025701650442 +0.0004055341101910 +0.0004089663245825 
+0.0004125931481412 +0.0004161398529547 +0.0004192655219060 +0.0004226103080615 
+0.0004263664451074 +0.0004311874196918 +0.0004360626992705 +0.0004399215380128 
+0.0004435895306655 +0.0004479295577673 +0.0004615376334074 +0.0004753473089416 
+0.0004902090362452 +0.0005068839235847 +0.0005229223474098 +0.0005354539326548 
+0.0005477414422920 +0.0005624428060934 +0.0005803869830726 +0.0006020131887960 
+0.0006259395672265 +0.0006497261874287 +0.0006779978846915 +0.0007165877114513 
+0.0007602364245905 +0.0007999611649251 +0.0008344013921961 +0.0008768397758658 
+0.0009243485339685 +0.0009780662830199 +0.0011548338872470 +0.0015471646742756 
+0.0021105250849772 +0.0028809809566361 +0.0028809809566461 +0.0333588929975170 
-0.0001034145942726 +0.0009945916970397 +0.0020867113497546 +0.0034655526875270 
+0.0054409969370633 +0.0078542238489508 +0.0103727478206105 +0.0140902122504286 
+0.0181788806490755 +0.0215166364641563 +0.0255406630132374 +0.0317061581350980 
+0.0371382281594459 +0.0426382942579977 +0.0482113698321823 +0.0535522977556704 
+0.0587162207750794 +0.0645217537499380 +0.0711683560416552 +0.0790624107499459 
+0.0871910175883180 +0.0956539976413893 +0.1045240378916022 +0.1131527942558221 
+0.1208697549562917 +0.1283322191620726 +0.1365178398178376 +0.1461453517002990 
+0.1570179910100796 +0.1679625347686834 +0.1778148858960785 +0.1864682400132130 
+0.1948265014970078 +0.2037056501745670 +0.2136045684313910 +0.2258599720819342 
+0.2405490297619177 +0.2557375937452814 +0.2690349347250089 +0.2798649293540511 
+0.2897076721660227 +0.2993565375852932 +0.3091367480138353 +0.3209692671722955 
+0.3340132110240448 +0.3498209673437600 +0.3667264649242596 +0.3826698889237490 
+0.3961189210519943 +0.4088418241210138 +0.4207011543003861 +0.4317964650476089 
+0.4425333961179626 +0.4534655396109831 +0.4655964682654899 +0.4801022377874851 
+0.4958333192230029 +0.5117877427649485 +0.5283970296856669 +0.5430646043586049 
+0.5565453574796098 +0.5699288967137849 +0.5830341578139413 +0.5953158895568154 
+0.6088130946679053 +0.6229240092457902 +0.6364287500875810 +0.6467435994051965 
+0.6562272781168509 +0.6672632589828007 +0.6789866809012306 +0.6913734427990378 
+0.7034178721201640 +0.7148904196334266 +0.7312147221350717 +0.7475974034927680 
+0.7644041135451615 +0.7804281912933804 +0.7952174918205240 +0.8089259610806406 
+0.8226103867739949 +0.8360772044799972 +0.8489928834390723 +0.8610504565041899 
+0.8728156868364261 +0.8831087887808614 +0.8929657572312106 +0.9029330608311373 
+0.9136221238771031 +0.9244266333966848 +0.9358012545021439 +0.9476156917621786 
+0.9595893486766189 +0.9722454937736477 +0.9861246985775171 +1.0000000000000000 
-0.0028915389251365 +0.0131407488583586 +0.0252966865990831 +0.0369630678532999 
+0.0480832449061629 +0.0596689135192901 +0.0724594225648291 +0.0865246564160320 
+0.1008408892267134 +0.1131887807089821 +0.1240970578160746 +0.1343511685195346 
+0.1432761981138681 +0.1524984758063475 +0.1611802168066658 +0.1691034291550485 
+0.1766242950166405 +0.1848333153031879 +0.1934675178854879 +0.2034227284436722 
+0.2156356550035810 +0.2271854769360323 +0.2382053721629001 +0.2481314506238530 
+0.2583980903128759 +0.2689618762639682 +0.2826053044413251 +0.2919041723600057 
+0.2971643489062835 +0.3016545383301552 +0.3073314643327487 +0.3148061884462600 
+0.3227122154145545 +0.3291947308682906 +0.3328295902607776 +0.3359385303906559 
+0.3389947952561720 +0.3426203000358332 +0.3487962866224226 +0.3578862083123585 
+0.3716140120311982 +0.3849291061070539 +0.3984777851549132 +0.4112008409419023 
+0.4236707897699487 +0.4363771400432001 +0.4487038190437075 +0.4599664330603681 
+0.4710749919871589 +0.4820787422521571 +0.4925799004805125 +0.5031581495232189 
+0.5144865857197912 +0.5276567972413611 +0.5435030983408999 +0.5608937415486144 
+0.5773585139437946 +0.5925247167047447 +0.6068056156612491 +0.6180963535259292 
+0.6311342286345534 +0.6423755412183202 +0.6528620376661358 +0.6635594776617242 
+0.6728036170000760 +0.6829843480108041 +0.6934394277128437 +0.7045726816947596 
+0.7148096331846643 +0.7238664694770190 +0.7344415564881376 +0.7428874484232164 
+0.7517330771016729 +0.7595852992728117 +0.7702037618463238 +0.7839158925056559 
+0.7977853284256106 +0.8108887047978046 +0.8227028163777935 +0.8344151999512447 
+0.8471228929152931 +0.8586438069200601 +0.8701469550977576 +0.8810382772252718 
+0.8913286685926027 +0.9043910608744816 +0.9171333706053197 +0.9310890315569018 
+0.9421327396407878 +0.9503229773009526 +0.9590000541536235 +0.9672685914924604 
+0.9767649088343080 +0.9846079594706040 +0.9917408062335387 +1.0000000000000000 
-0.0052693052111508 +0.0202051817525773 +0.0364436041875460 +0.0507615099802527 
+0.0642338307649964 +0.0772713844688769 +0.0894279104442950 +0.1020431539542545 
+0.1124862616051620 +0.1249398442104589 +0.1381919522935176 +0.1498834889141340 
+0.1608122623394903 +0.1705512213507584 +0.1803246364831471 +0.1903944180117322 
+0.2004443781912797 +0.2112490765151277 +0.2235885448784909 +0.2375214986848008 
+0.2523497171954386 +0.2663919016249278 +0.2756274646315127 +0.2821071887524507 
+0.2891486595427872 +0.2981615437156388 +0.3063031534604250 +0.3122780370925538 
+0.3181319358469209 +0.3233427776366111 +0.3277858406377668 +0.3331357180564281 
+0.3393108879035451 +0.3521212082970534 +0.3623378696744142 +0.3710397027911069 
+0.3786623029190002 +0.3868858625019757 +0.3948667907240494 +0.4033781212048673 
+0.4152294447975293 +0.4277556550585067 +0.4406323947240362 +0.4536728486381035 
+0.4665722892314215 +0.4793172469877261 +0.4920784121488183 +0.5039013385829616 
+0.5142705380892244 +0.5257824678764804 +0.5374132663279949 +0.5481446893888687 
+0.5578466718402360 +0.5691722881568064 +0.5808522402010423 +0.5909516854665217 
+0.6002526818036140 +0.6095777965128950 +0.6213397462661443 +0.6326694115450247 
+0.6397790383495292 +0.6475232832958729 +0.6555065195480148 +0.6638439578429367 
+0.6763561368020372 +0.6918318193441411 +0.7037524439600510 +0.7152836350379433 
+0.7267610178514571 +0.7377005168947695 +0.7483248157690968 +0.7594762144619825 
+0.7703431698306307 +0.7814381629719919 +0.7923300900249075 +0.8009058002402355 
+0.8094988848698835 +0.8179780178522293 +0.8253501639605254 +0.8320632985757116 
+0.8392412825599971 +0.8472477092582020 +0.8567535229568967 +0.8671247986977910 
+0.8778547020313009 +0.8881489179887566 +0.8981383769577689 +0.9080070465464605 
+0.9179511427207564 +0.9287372474645464 +0.9404904038338356 +0.9529026700083829 
+0.9660083917756469 +0.9776826014566452 +0.9895526604627035 +1.0000000000000000 
-0.0023878014244511 +0.0109648982951876 +0.0219309067608078 +0.0324036440313476 
+0.0423844379614298 +0.0560061128669559 +0.0689145024614332 +0.0818268584900557 
+0.0953605687646841 +0.1094601293059454 +0.1240619885932430 +0.1393894725026646 
+0.1520738777053032 +0.1657114786563403 +0.1784387434190898 +0.1900464801491253 
+0.2002260429983900 +0.2110083543062780 +0.2228867383504270 +0.2339656372102339 
+0.2427355861192970 +0.2512792714313411 +0.2587635612130251 +0.2645635441890214 
+0.2704332800240352 +0.2765562372860452 +0.2852348477700939 +0.2956498356580548 
+0.3060609136400921 +0.3163148187191466 +0.3270037942947747 +0.3384284805989721 
+0.3502229867335378 +0.3624058762558653 +0.3717324579664251 +0.3775768350160972 
+0.3826934862348466 +0.3880406250734921 +0.3935371412315752 +0.4001362966898274 
+0.4096467739875175 +0.4200399715070113 +0.4315884248076007 +0.4449794873121646 
+0.4585649860619432 +0.4717172063176652 +0.4838901189059924 +0.4961899882163080 
+0.5095545404256643 +0.5243898669971918 +0.5410721780300785 +0.5562573920133710 
+0.5701430311835762 +0.5840898655217350 +0.5986759490545168 +0.6130103392866506 
+0.6266098802333643 +0.6388730342538977 +0.6491254520491588 +0.6588146860315103 
+0.6668161949042601 +0.6768528872629135 +0.6875919786370920 +0.6977586885806978 
+0.7069132088224556 +0.7143849429882142 +0.7224872239070000 +0.7322760833948119 
+0.7425343385449528 +0.7540052794995612 +0.7655356747099210 +0.7761846299622711 
+0.7856818318780349 +0.7950881631517185 +0.8080841851073887 +0.8218179031357824 
+0.8356225492386625 +0.8499295183108694 +0.8636429617022039 +0.8759615871744869 
+0.8872577284937813 +0.8989152646684485 +0.9118279251439823 +0.9252840997797120 
+0.9387253032131079 +0.9434600980347134 +0.9492210451316302 +0.9547629968741260 
+0.9610385521879469 +0.9667272858756316 +0.9722114552248402 +0.9779558404991875 
+0.9836601118226815 +0.9890025360651057 +0.9942787303512973 +1.0000000000000000 
-0.0071964903746705 +0.0438983385866370 +0.0605802370766057 +0.0713417797517887 
+0.0801041527500187 +0.0885010338009719 +0.0970662785145026 +0.1038440705788357 
+0.1091960239880231 +0.1136600478744970 +0.1180200985673440 +0.1224997512330490 
+0.1273722864890655 +0.1320173139948445 +0.1353087803275805 +0.1384406274568908 
+0.1415673174666888 +0.1446596538807511 +0.1475983702065691 +0.1520412103573875 
+0.1565767973535110 +0.1606757747555732 +0.1646894325568306 +0.1692173208763838 
+0.1737522339861992 +0.1782363511420444 +0.1827050889742396 +0.1872489776269205 
+0.1922176909210587 +0.1967537558119589 +0.2012690652735609 +0.2060624560049512 
+0.2113311706838310 +0.2158249008991832 +0.2202407756937686 +0.2252172525852433 
+0.2296866019559197 +0.2329766587183781 +0.2364500521956079 +0.2400685598070176 
+0.2432814519319547 +0.2464680056383192 +0.2499482005547961 +0.2541396849553541 
+0.2578152712137487 +0.2611099141713955 +0.2647701963034800 +0.2688198691888778 
+0.2727046844641892 +0.2757021641267003 +0.2786700188205344 +0.2819277929097656 
+0.2858834230034530 +0.2901733182696780 +0.2969366880876678 +0.3053922490912239 
+0.3134530047632708 +0.3223895746151189 +0.3311812233963540 +0.3397985392858546 
+0.3483663046240803 +0.3568037996810902 +0.3654740649172217 +0.3748776344220863 
+0.3849441298404574 +0.3955267061064131 +0.4064953243926865 +0.4182628990411286 
+0.4307974071604369 +0.4431387108483936 +0.4554970388651648 +0.4678728494855108 
+0.4799649391730152 +0.4912246348759686 +0.5028272805099211 +0.5142744659169696 
+0.5262943941878089 +0.5356791787141031 +0.5462787947509560 +0.5579578158597661 
+0.5735863583441150 +0.5846287663765820 +0.5930678215009406 +0.6017299345561761 
+0.6120458197988810 +0.6241953382225502 +0.6429105461056241 +0.6668547327987704 
+0.6950527492312757 +0.7206569110261324 +0.7450759690988588 +0.7773079425587205 
+0.8153576731984244 +0.8523205109598596 +0.8958416486519385 +1.0000000000000000 
-0.0171430633400074 +0.1081573673995742 +0.1439774099783363 +0.1666763003763386 
+0.1852920465956010 +0.2015796552880004 +0.2167938745871806 +0.2298274292980836 
+0.2412360056389257 +0.2509942476655901 +0.2607152498777974 +0.2701610776610638 
+0.2798526229711766 +0.2900230516527142 +0.3001827053325633 +0.3100054565218445 
+0.3191210264316075 +0.3270344153831931 +0.3342466615659241 +0.3399440519108022 
+0.3457316236983630 +0.3516005844932280 +0.3582063215892997 +0.3652563582422167 
+0.3721965469869822 +0.3786887469611046 +0.3845304021923506 +0.3904308846882872 
+0.3959935299719572 +0.4018391149023915 +0.4083453614371436 +0.4153071114254131 
+0.4219686743907515 +0.4281577840503115 +0.4341546382520504 +0.4406430120602859 
+0.4479105670580594 +0.4556626666653639 +0.4612528385033107 +0.4650629337834015 
+0.4687547726776432 +0.4728156218465543 +0.4782183511432055 +0.4840553411912513 
+0.4892929636788063 +0.4936837182100670 +0.4977748043070626 +0.5020900156072501 
+0.5065353826378910 +0.5107957458982386 +0.5149918705885072 +0.5190675490108030 
+0.5247518908647296 +0.5309876761277108 +0.5369689342846956 +0.5429570329207657 
+0.5494015980438625 +0.5558927063385605 +0.5629597383769032 +0.5700272353783196 
+0.5750118662999462 +0.5795011726682748 +0.5836804848065941 +0.5878170743877256 
+0.5920904925783000 +0.5965406029518250 +0.6017601744673449 +0.6074418489904755 
+0.6129004230101049 +0.6188171001157895 +0.6254582918812048 +0.6334052897529753 
+0.6425517657675108 +0.6518850017994764 +0.6617501352344850 +0.6704860414315370 
+0.6798254675235662 +0.6897468749846211 +0.7002382026588442 +0.7109938073228144 
+0.7215651715188023 +0.7312258753752601 +0.7386512586462221 +0.7466844175315852 
+0.7551138965904404 +0.7639475291510510 +0.7726158906847651 +0.7807108774321403 
+0.7893496337882338 +0.8018074828658859 +0.8178042945606433 +0.8331816973396585 
+0.8478827426028126 +0.8658572623421934 +0.8931276299706379 +1.0000000000000000 
3.02996232263e-11 1.9796672093e-06 
  <DiscreteSampler_grid>
  Helicity
  1 # grid_type. 1=='ref', 2=='run'
  80 # Attribute 'min_bin_probing_points' of the grid.
  1 # Attribute 'grid_mode' of the grid. 1=='default',2=='initialization'
  0.030 # Attribute 'small_contrib_threshold' of the grid.
  0.333 # Attribute 'damping_power' of the grid.
#  binID   n_entries weight   weight_sqr   abs_weight
    4   8745 2.1831730817e-10 2.47957598338e-17 2.1831730817e-10
    1   5074 1.6183384237e-10 1.01700976404e-18 1.6183384237e-10
    3   210 1.01759909209e-11 4.12369776521e-21 1.01759909209e-11
    2   132 4.85987434048e-12 3.57348227268e-22 4.85987434048e-12
  </DiscreteSampler_grid>
  <DiscreteSampler_grid>
  grouped_processes
  1 # grid_type. 1=='ref', 2=='run'
  10 # Attribute 'min_bin_probing_points' of the grid.
  1 # Attribute 'grid_mode' of the grid. 1=='default',2=='initialization'
  0.030 # Attribute 'small_contrib_threshold' of the grid.
  0.333 # Attribute 'damping_power' of the grid.
#  binID   n_entries weight   weight_sqr   abs_weight
    16   10 0.0071437134648 0.000177581998571 0.0071437134648
    22   10 0.0071437134648 0.000177581998571 0.0071437134648
    10   10 0.0071437134648 0.000177581998571 0.0071437134648
  </DiscreteSampler_grid>
