  0.02694740808376850  0.03080641107044497  0.03428667239513614  0.03788374532330071
  0.04170909520502754  0.04445046502168475  0.04719183483834195  0.05018130356541092
  0.05317398462959073  0.05611842604059062  0.05904134969760295  0.06342864606276104
  0.06986974445048222  0.07618996989137515  0.08286899007314762  0.09024187864686926
  0.09833721657490715  0.10627229919701275  0.11399987075728742  0.12176684922287508
  0.12951259220015041  0.13744215939863455  0.14442079181824458  0.15158458045993095
  0.15862324792498594  0.16619201980605786  0.17534576011758471  0.18492285984761211
  0.19410270140576052  0.20341878469889829  0.21204915103845359  0.22072636970606382
  0.22889277306087988  0.23770898216509476  0.24696996443926894  0.25616994901412782
  0.26505233171519360  0.27406123860979675  0.28390995801852192  0.29460967314638736
  0.30504959392696313  0.31527614885018063  0.32582209038736315  0.33718993083264165
  0.34845723472109236  0.35942425214502066  0.36997540299141118  0.38135335055305031
  0.39325474220319667  0.40501669230660098  0.41658579099256005  0.42786447651888354
  0.43899137465637211  0.44990679582247095  0.46105466069799439  0.47275662255142359
  0.48513516672906348  0.49738024447307544  0.50965419496563402  0.52157412960418403
  0.53165032720485306  0.53958629841857442  0.54807857956849582  0.55642404454083838
  0.56825266662579932  0.58107250079752326  0.59555471987750219  0.61001966993454404
  0.62337655456852592  0.63671472794782047  0.65045769003403975  0.66378892747944951
  0.67790126948586338  0.69237887545931687  0.70848464910635844  0.72517565574491116
  0.73893876223092714  0.75150200481656737  0.76416149457588856  0.77866369306233552
  0.79272916369127067  0.80764013732821383  0.82434426718134202  0.84317731449437039
  0.86390409033381843  0.88724408838709712  0.90688798908306456  0.92277162099898813
  0.93736459080955392  0.94948001044267860  0.95901939079324616  0.96569054814499233
  0.96747769427726416  0.96755128349701458  0.96932862310072099  1.00000000000000000
 -0.00020551923090239  0.00163153768370340  0.00320294458311658  0.00521772338326136
  0.00764042889032503  0.01048590458298719  0.01404838222333990  0.01828376933980118
  0.02301722069668384  0.02777680019289145  0.03272458308467122  0.03857795071235804
  0.04500855834083778  0.05147784724496216  0.05792622111817671  0.06498643080120459
  0.07312368265945966  0.08091752328655903  0.08875749399250658  0.09684220958645767
  0.10479104798853825  0.11324335236552939  0.12188568640771083  0.13126005343443775
  0.14060669775204387  0.15043579203434931  0.16018797575555138  0.17003108227453997
  0.18060125258951448  0.19131648503451767  0.20265965014906109  0.21348579540836291
  0.22401342173368988  0.23371149285979351  0.24280761855543800  0.25195368508641336
  0.26094248069318043  0.27012894462510018  0.27937796624980255  0.28883910659146161
  0.29979763563537182  0.31147597029621188  0.32314689235060501  0.33418052590061381
  0.34585832523184329  0.35897199711661198  0.37300570916893500  0.38700804473010453
  0.40077736341492243  0.41471648165380864  0.42875894899806438  0.44257784376001147
  0.45604856205084476  0.46801634612170701  0.48017236895339710  0.49209452960308386
  0.50473409907839417  0.51803439741219115  0.53168822941567218  0.54549423601625546
  0.55879817509845153  0.57035086871283747  0.58008028871963579  0.58946630960260038
  0.59934218399164407  0.60947614784040816  0.61973803762343238  0.63008702429326857
  0.64067831356226179  0.65162649074676737  0.66259971033465670  0.67072369372777452
  0.67593256773159149  0.68114144173540847  0.68674338870528950  0.69253526862615555
  0.69832714854702149  0.70436076509299195  0.71044288600994387  0.71652500692689580
  0.73116073474935617  0.74615497886465021  0.76087443934793497  0.77542948087176444
  0.79034748487589679  0.80613831583483586  0.82283675394569888  0.83995555913127451
  0.85768205292679434  0.87771416671514746  0.89633435683338514  0.91460282659096714
  0.93420712531571415  0.95511963520788024  0.97696098478365656  1.00000000000000000
 -0.00210050079327822  0.00779090857206238  0.01682777425593709  0.02550813507846164
  0.03478391066043977  0.04497603900523249  0.05474982467079827  0.06413017425695479
  0.07282813911869140  0.08172143135319664  0.09033012986376769  0.10015133396103489
  0.11029325025167451  0.12060230514019393  0.13135868065661502  0.14220681002550789
  0.15460930520653293  0.16825679113974315  0.18198116364275202  0.19554379964596441
  0.20834957134971488  0.22027266114357391  0.23210154240514058  0.24425777576934107
  0.25508793492319054  0.26500478804107730  0.27078354633934476  0.27497659239055194
  0.27937649523638081  0.28403362677683552  0.28874541748061200  0.29377886712602980
  0.29881231677144754  0.30942505452556307  0.32073353220719686  0.33208251729234239
  0.34338846478866830  0.35568222669670319  0.36836512115451003  0.38250823388967076
  0.39535085985384394  0.40611896113559776  0.41630294177639043  0.42693606440206949
  0.43840350106816561  0.45159456343773419  0.46497445157353096  0.47731210627318121
  0.48748529790823852  0.49741463589154361  0.50710979681413948  0.51799399642869248
  0.53008627904319705  0.53986723751607979  0.54878120400076114  0.55737837239883836
  0.56790628393909492  0.57983945948624172  0.59079284459938164  0.60185534535945884
  0.61545041916826815  0.62805130557245170  0.63860465794110821  0.64897356061012468
  0.65972532651712623  0.67049913332656985  0.68118539904014808  0.69225393423118819
  0.70394730605219002  0.71588808222586986  0.72738301174074782  0.73762064346352829
  0.74705264980244468  0.75635729084023329  0.76587259675072850  0.77609622314948790
  0.78664415528665299  0.79687214586810606  0.80693305167355911  0.81755740729146353
  0.82880750408834514  0.84038405747677081  0.85157738322224130  0.86254527823266680
  0.87385800801151703  0.88584705034008626  0.89743178838431725  0.90843468347728329
  0.91948959572413147  0.93069608713105600  0.94206244214308643  0.95305153774862894
  0.96409292900681609  0.97583670422566748  0.98764630901990802  1.00000000000000000
 -0.00310579389308676  0.01328767102748183  0.02512406805162939  0.03704732677530551
  0.04865095397079506  0.06054852378797143  0.07226962172390435  0.08405245765156680
  0.09600994581827091  0.10925976967624967  0.12342806489225053  0.13691090676279641
  0.14992489277659107  0.16340106888581094  0.17727860982267768  0.18915547702305616
  0.19950413402081441  0.20949148353619354  0.22031590785024158  0.23072338036767917
  0.24010478526029067  0.24954507069457899  0.25954485560354695  0.26955806496024287
  0.27918647906218430  0.28978281478270340  0.30192249732851262  0.31478470093672384
  0.32721381584039805  0.33972572243806165  0.35227868794127426  0.36440462454877476
  0.37487027960459962  0.38397707347073667  0.39285652513315750  0.40212654200931280
  0.41231853825075382  0.42263661656490209  0.43258579496129645  0.44315180087835165
  0.45291139152252391  0.46337419025168264  0.47444454085998472  0.48647754942617577
  0.49806358844601523  0.50836244752836168  0.51808639402779899  0.52725327008627809
  0.53730283887753438  0.54526638318345344  0.55300876500941876  0.56085318651813976
  0.56981300164903159  0.58166151934269028  0.59280297545492611  0.60334874902361257
  0.61437894287926409  0.62575238372728614  0.63709472832386660  0.64887063929293898
  0.65652597518236666  0.66392532406437710  0.67109022236611282  0.67827273392355136
  0.68702181252689287  0.69846222136294833  0.70992500325731311  0.72220329299463426
  0.73459566247410135  0.74731642969628365  0.76093842823047309  0.77292306238808439
  0.78318497267554610  0.79229282181178329  0.80167477643208929  0.81182801346924316
  0.82222620349522757  0.82823083742251746  0.83204321380163782  0.83576444976724962
  0.83939232681334142  0.84302277445485063  0.84665870558391754  0.85118614001539106
  0.86182850473832151  0.87326610548191719  0.88474697671397662  0.89677945836981554
  0.91000774649044358  0.92357505228947201  0.93707766288553707  0.95039780223913883
  0.96361423026458315  0.97661579294565204  0.98844918240880919  1.00000000000000000
 -0.00193460746165583  0.01002699369268504  0.01951129746417141  0.03023069006388530
  0.04113676319254778  0.05235338677009024  0.06402865124286326  0.07423135625178058
  0.08280731829551653  0.09032618131838897  0.09843815348586800  0.10770041940371851
  0.11726211268731894  0.12719167357705241  0.13679001582148076  0.14678918387232687
  0.15792935986585821  0.16944605177518932  0.18081017349561770  0.19127899880619961
  0.20158656665818461  0.20773543806890826  0.21262444548472828  0.21755154659669626
  0.22249911451071902  0.22753007304664558  0.23262736424847874  0.24090944293836142
  0.25273298807821731  0.26433737300717458  0.27607278028367055  0.28855155721691617
  0.30053025800201849  0.31226002870415009  0.32308802490411220  0.33366968327830177
  0.34495924905242065  0.35695917047999132  0.36952304530121521  0.38179951461825790
  0.39335115295344675  0.40461782975348692  0.41618827427004229  0.42757193769351431
  0.43818319377397036  0.44876274327876997  0.46018019883935324  0.47280269229675392
  0.48176825174857030  0.48995705038711307  0.49822905533540968  0.50621553749281700
  0.51542429347955476  0.52561896824385979  0.53400314007027672  0.54084078913949574
  0.54729312752051495  0.55381598766533546  0.56183297748626793  0.57167746786567153
  0.58297333741421831  0.59493567225200161  0.60697726637923155  0.61871215410104641
  0.63136348654394292  0.64256034693627195  0.65381086084148998  0.66461815403857627
  0.67613791133771850  0.68751978394641033  0.69961259253867303  0.71171807602759718
  0.72387475554660041  0.73688756585331383  0.75068746109829654  0.76426589529120192
  0.77766388515863594  0.79072267220115067  0.80331094058399033  0.81517937088325743
  0.82691878645452754  0.83956801390170688  0.85238727509692125  0.86396285075099266
  0.87444436627026212  0.88467683268188868  0.89502847941238095  0.90636472261646628
  0.91747721870855170  0.92807293349479958  0.93804530382642692  0.94962112026346912
  0.96154466878191802  0.97399207365071050  0.98676608071000660  1.00000000000000000
 -0.00221268183868951  0.04474262236122253  0.07397790696333266  0.09447332531610189
  0.11030569463893500  0.12299052463317096  0.13399093274024582  0.14415762025048096
  0.15360837617482623  0.16190390964478968  0.16953779175593939  0.17561903268480633
  0.18180165741683663  0.18814073508741863  0.19499084289927587  0.20215834257469581
  0.20878733832226307  0.21485219913899928  0.22083450699585683  0.22698756961191321
  0.23048575705776189  0.23364503994017768  0.23671148133059933  0.23969017059113723
  0.24266377107660414  0.24554817236124682  0.24843257364588947  0.25302037852718573
  0.25888983343273692  0.26455035576314290  0.26983645057265704  0.27489057311208914
  0.28047545395401041  0.28704829291945438  0.29366691838714959  0.30007881319032409
  0.30624695429139764  0.31232610840514263  0.31854559319152281  0.32523806335451289
  0.33257653804388110  0.34038290387715159  0.34817114422787421  0.35548334210821175
  0.36301159008821615  0.37076174823731561  0.37877212091045104  0.38547017144484264
  0.39260570880000667  0.39920613257758381  0.40527248140745664  0.41273491272438229
  0.42063807602017073  0.42876529423893306  0.43697483476081900  0.44543800791023958
  0.45348001582724834  0.46204186228424632  0.47205358922883922  0.48168530253621483
  0.49197972083875940  0.50264598037066111  0.51293679039684248  0.52309502383862638
  0.53327104510084866  0.54288659392233862  0.55288313289409563  0.56321161004067000
  0.57430131942785301  0.58435050089993990  0.59364926948435315  0.60373396306203431
  0.61509830803012133  0.62674243909875738  0.63790585123271704  0.64805431140414660
  0.65731212476167689  0.66686990196264084  0.67728935294949544  0.68737495152591954
  0.69776954188000129  0.70808924060409717  0.72074296644934566  0.73497434855744348
  0.75042283633354345  0.76566273228099324  0.78179408087925517  0.79771367995979714
  0.81295465712438408  0.83059884627201319  0.84618822413743455  0.86257217954067900
  0.88070849457485056  0.90240246304667215  0.93613256176750470  1.00000000000000000
 -0.01333493595701960  0.11409971465329800  0.15329692538342085  0.17757924702322939
  0.19581644373557613  0.21050746789478245  0.22411917232443673  0.23703356910161388
  0.24940174728463291  0.26065271646798810  0.27067086270392365  0.27995909519015455
  0.28945806199196350  0.29949446652722567  0.30944727373366948  0.31738684742721318
  0.32461076391146965  0.33158831029405739  0.33862983292755783  0.34602842991803034
  0.35322788477373207  0.35966006778523985  0.36567426248766488  0.37193306941085685
  0.37827644842615266  0.38435280309258801  0.39008724149611235  0.39562634345639813
  0.40128489953005897  0.40705815090355063  0.41298222871598450  0.41915231833306577
  0.42550862113664184  0.43203506352605453  0.43909150517904066  0.44665339279630262
  0.45327576537984898  0.45617510003882844  0.45907443469780790  0.46171560483662122
  0.46425629528851869  0.46675514963539461  0.46913224677080745  0.47150934390622024
  0.47540954007410541  0.47998932520186832  0.48453531048451998  0.48999278623133147
  0.49538103890601781  0.50047609425248829  0.50550738394899253  0.51073875848106332
  0.51629680713314041  0.52231265691979978  0.52838388297082095  0.53443157562124288
  0.54046789582310506  0.54613610186568484  0.55156701188401125  0.55707989187483942
  0.56303934499789654  0.56980739894170285  0.57681405799296470  0.58348028482954095
  0.59028176303600122  0.59663716178856641  0.60301732547894715  0.60875972592191252
  0.61428790356757412  0.62039298237866780  0.62619814163584320  0.63167996466146270
  0.63673726298623812  0.64169912647817506  0.64663794339039871  0.65214509147430999
  0.65896798908574572  0.66617982529329844  0.67395246876476822  0.68203176959748713
  0.69031635046399742  0.69935830453835901  0.70902478788141976  0.71871268424478452
  0.72780113887489672  0.73689754665758767  0.74647929794039436  0.75623539959265917
  0.76668719634775606  0.77767564927091937  0.78922955621134017  0.80248656336088142
  0.81993824658674719  0.84359249789093349  0.88254314430016589  1.00000000000000000
   2.9234571277400002E-011   2.1201255999999999E-006
  <DiscreteSampler_grid>
  Helicity
  1 # 1 for a reference and 2 for a running grid.
  80 # Attribute 'min_bin_probing_points' of the grid.
  1 # Attribute 'grid_mode' of the grid. 1=='default',2=='initialization'
  0.0300000000000000 # Attribute 'small_contrib_threshold' of the grid.
  0.3330000000000000 # Attribute 'damping_power' of the grid.
 # binID   n_entries weight   weight_sqr   abs_weight
    1   2975   7.873485874805710E-011   2.265304135830906E-019   7.873485874805710E-011
    2   1138   6.161479811161306E-011   4.117830979305959E-019   6.161479811161306E-011
    3   1371   3.684136235713622E-011   2.135286049064568E-020   3.684136235713622E-011
    4   3185   8.513746266152859E-011   1.090601842614794E-019   8.513746266152859E-011
  </DiscreteSampler_grid>
  <DiscreteSampler_grid>
  grouped_processes
  1 # 1 for a reference and 2 for a running grid.
  10 # Attribute 'min_bin_probing_points' of the grid.
  1 # Attribute 'grid_mode' of the grid. 1=='default',2=='initialization'
  0.0300000000000000 # Attribute 'small_contrib_threshold' of the grid.
  0.3330000000000000 # Attribute 'damping_power' of the grid.
 # binID   n_entries weight   weight_sqr   abs_weight
    16   10   1.029695238210000E-003   1.826268560130000E-006   1.029695238210000E-003
    22   10   1.029695238210000E-003   1.826268560140000E-006   1.029695238210000E-003
    10   10   1.029695238210000E-003   1.826268560130000E-006   1.029695238210000E-003
  </DiscreteSampler_grid>
