+0.0268361473262246 +0.0314929716382020 +0.0349243755605455 +0.0386196382741970 
+0.0424660629873549 +0.0462220318540580 +0.0502654172486277 +0.0544104434675082 
+0.0585150830424276 +0.0636891286895915 +0.0701459961981746 +0.0765729261980146 
+0.0831766927226350 +0.0904411164293569 +0.0979715883037945 +0.1054649375822395 
+0.1127204789837286 +0.1201094778122841 +0.1276520446602246 +0.1351933498582208 
+0.1421916048040857 +0.1488951725452944 +0.1557414545701885 +0.1629975121825926 
+0.1717554130428166 +0.1815054969056049 +0.1906186586826253 +0.1992770730175392 
+0.2073667639283676 +0.2155706138483624 +0.2237800191421930 +0.2323557445304469 
+0.2416945555888578 +0.2512399296328571 +0.2607019687173614 +0.2700115963400154 
+0.2793611648014912 +0.2892826339173468 +0.2993384753547606 +0.3094754499755669 
+0.3196469617512070 +0.3302270357917846 +0.3414033450624849 +0.3521143066030487 
+0.3624507606610221 +0.3729208675462553 +0.3843048910685515 +0.3961244384587205 
+0.4078852056231130 +0.4194133984698860 +0.4304137912705063 +0.4411181342344122 
+0.4517507370768009 +0.4629916077538709 +0.4747648703480829 +0.4869355557930177 
+0.4991188446507214 +0.5113393262974432 +0.5235698664146141 +0.5332112605775072 
+0.5411949461673092 +0.5495099029377657 +0.5582348752860734 +0.5700386314059331 
+0.5826032688415177 +0.5962504878880291 +0.6100400792820695 +0.6227626839181601 
+0.6359919580788509 +0.6498942978583941 +0.6638817723243828 +0.6785208399392721 
+0.6929599128445960 +0.7087368138828219 +0.7247778767882067 +0.7393185157331909 
+0.7530993527221194 +0.7670368931749428 +0.7811754838317503 +0.7948727036906154 
+0.8100036017834255 +0.8275119010680489 +0.8473575975670408 +0.8676047742140425 
+0.8892082923722952 +0.9069120520551986 +0.9228596996256082 +0.9336087015916918 
+0.9423252161284297 +0.9500574982696275 +0.9575567176337880 +0.9643149094210186 
+0.9672956367016206 +0.9674937526738115 +0.9674937526738215 +0.9699279663668353 
-0.0002147189871254 +0.0016259550618351 +0.0031775423989573 +0.0052379351809446 
+0.0076872280343807 +0.0105333715751250 +0.0140261892228695 +0.0178437806223507 
+0.0223114488089174 +0.0271650723294645 +0.0321806369441757 +0.0376818337580424 
+0.0436159653714718 +0.0494564494159593 +0.0553166345290320 +0.0613464701518925 
+0.0682285830556118 +0.0757742695413554 +0.0835633077067635 +0.0915379425550939 
+0.0997000193001319 +0.1075892012754404 +0.1163102389259340 +0.1253493747593685 
+0.1348682129824530 +0.1446377293073575 +0.1545159894369976 +0.1639303977672169 
+0.1738015817951357 +0.1835689346801304 +0.1938124393499494 +0.2040838456928072 
+0.2140340344349588 +0.2238237121087207 +0.2329545432209988 +0.2415899633954651 
+0.2503079542172733 +0.2590895411501162 +0.2685080833973058 +0.2781177831235581 
+0.2878345833758676 +0.2983598143946839 +0.3096054449748634 +0.3198062703151462 
+0.3289271931786319 +0.3375515816847437 +0.3468869056484066 +0.3583403293105327 
+0.3716828301346872 +0.3854889170929290 +0.3990479101060252 +0.4123774449863639 
+0.4256502244960986 +0.4391733288268505 +0.4527798281315071 +0.4653413259163190 
+0.4777576007295864 +0.4899500828567552 +0.5021132023511499 +0.5146378794885188 
+0.5277025646389303 +0.5407653881153779 +0.5539958472852013 +0.5653022644766141 
+0.5753972563797274 +0.5842861896838696 +0.5937999091449400 +0.6035803854858831 
+0.6137475241947571 +0.6236734522093546 +0.6348833661480833 +0.6466914660787836 
+0.6586589162220495 +0.6699113079525016 +0.6785550641417819 +0.6876406457609873 
+0.6971602421576760 +0.7069316052314130 +0.7167784745575744 +0.7301554934433264 
+0.7431434467098369 +0.7559914516274924 +0.7690392667455355 +0.7832898666314976 
+0.7987229179405592 +0.8146253315459390 +0.8305775484018763 +0.8464811115631259 
+0.8633909877767802 +0.8817371170760674 +0.9003291501130390 +0.9185211868073543 
+0.9387553050657788 +0.9590723432858573 +0.9792611620269571 +1.0000000000000000 
-0.0022969642097866 +0.0093891572195802 +0.0190593323680907 +0.0287112155242736 
+0.0390692757436918 +0.0495630206307219 +0.0601490481417879 +0.0699599886669704 
+0.0794708225776213 +0.0885970912241509 +0.0979186469550732 +0.1077617245772691 
+0.1180102590324447 +0.1291761285680905 +0.1402578983704469 +0.1522571133355458 
+0.1655817790494174 +0.1784849424421425 +0.1917642725438915 +0.2054004032112214 
+0.2180677608460660 +0.2302393413331589 +0.2424330958496850 +0.2536935021266021 
+0.2635052950351463 +0.2709136833890412 +0.2765560232709394 +0.2826913094061030 
+0.2889794324453853 +0.2957348618783173 +0.3045929378486477 +0.3163557083058528 
+0.3277169623076666 +0.3383863652953644 +0.3491438329155710 +0.3604362531925442 
+0.3729544677911890 +0.3864029367503132 +0.3983112109399327 +0.4089214233972825 
+0.4186555834402386 +0.4271966758792072 +0.4359609809600640 +0.4455208885356571 
+0.4565932781912848 +0.4689732680028855 +0.4799253872166004 +0.4897880303123730 
+0.4993764778630125 +0.5091327504020655 +0.5195164605960049 +0.5304875682481561 
+0.5389536390916565 +0.5473776900939120 +0.5555466558051609 +0.5651319488707243 
+0.5769914649022797 +0.5888530624180404 +0.6007147247342989 +0.6142004927856076 
+0.6266798278047513 +0.6370266770374098 +0.6472880261406193 +0.6581503660182375 
+0.6687080527143305 +0.6788999177409132 +0.6892395249571116 +0.7003868488755681 
+0.7115080125682610 +0.7227020931080840 +0.7334558989143503 +0.7432983471414835 
+0.7532365326676109 +0.7631080794570528 +0.7733271046714588 +0.7836153857596868 
+0.7937045763810441 +0.8036166350847391 +0.8138703285788451 +0.8246173019115417 
+0.8354466009838620 +0.8464361235734646 +0.8574371953397244 +0.8686410876760834 
+0.8788887042052839 +0.8896006212944770 +0.8999362557507848 +0.9114045468682441 
+0.9227870397279047 +0.9341878498695698 +0.9453001818257063 +0.9560545503621928 
+0.9666552047383835 +0.9777157204795034 +0.9886896042026757 +1.0000000000000000 
-0.0031057938930868 +0.0132142735636741 +0.0248980212349054 +0.0370363489677309 
+0.0488949273344482 +0.0612520613597324 +0.0735719497515469 +0.0857041752211010 
+0.0977590956647191 +0.1105519833288920 +0.1239700109824510 +0.1373130873430254 
+0.1502481697152839 +0.1631619271456793 +0.1761692444256997 +0.1884691299901374 
+0.1994919414027193 +0.2102746589237411 +0.2217226123195881 +0.2329265698302598 
+0.2429051999290476 +0.2528050863027350 +0.2623392759509816 +0.2716948751420324 
+0.2808646556554572 +0.2912493292065864 +0.3032929444808036 +0.3162579433352502 
+0.3289086322926088 +0.3412934474040037 +0.3531759998533834 +0.3643340987173526 
+0.3747271595799453 +0.3844702323183136 +0.3940735905358364 +0.4037793293723306 
+0.4136960083865022 +0.4236741035010377 +0.4338506220091546 +0.4439859039293903 
+0.4535446643320367 +0.4636318790133206 +0.4745632025676940 +0.4865630982961626 
+0.4983445549251431 +0.5091423057628646 +0.5194024017951362 +0.5291906996712188 
+0.5389653324706400 +0.5476565854023662 +0.5559851100636307 +0.5646985847542833 
+0.5751258122320538 +0.5858912416661334 +0.5961706384236859 +0.6060447466469068 
+0.6165810584889311 +0.6249625779090086 +0.6331311794865550 +0.6414978345526924 
+0.6499158969807629 +0.6566604429320232 +0.6638701272906733 +0.6711173207814009 
+0.6784658979501749 +0.6873506749311910 +0.6985642161270511 +0.7096104879629928 
+0.7212638386715686 +0.7332915298346925 +0.7453917010963950 +0.7580213715900912 
+0.7695991073250757 +0.7795849514250121 +0.7891332454270944 +0.7983984818201588 
+0.8085876146281283 +0.8185310764402343 +0.8270542716762276 +0.8321640676188996 
+0.8371473639159583 +0.8420621698992630 +0.8469957721001502 +0.8541328909911846 
+0.8647094618892393 +0.8757252095499892 +0.8869588811998742 +0.8992562379678367 
+0.9127324456598479 +0.9262758073657782 +0.9394672503868050 +0.9525137217732996 
+0.9657099623104264 +0.9782204424240882 +0.9894215011184004 +1.0000000000000000 
-0.0022332476021097 +0.0081916231433604 +0.0164726991248174 +0.0263304703427243 
+0.0383589419346255 +0.0497207195939281 +0.0609508061434348 +0.0714344985094315 
+0.0803865892461859 +0.0882681906265800 +0.0960012974735876 +0.1049642033764230 
+0.1141732518494977 +0.1240225532384715 +0.1336069457237037 +0.1428164433260275 
+0.1529812484596582 +0.1637447269935217 +0.1748518616722417 +0.1860228437012732 
+0.1968064679374228 +0.2060642274634397 +0.2125169430960457 +0.2190151108215012 
+0.2255656296698711 +0.2323495775412236 +0.2417974826555619 +0.2529978617534905 
+0.2632265679640330 +0.2733016898524279 +0.2841769197878611 +0.2959079600401044 
+0.3079823876548871 +0.3195657151495995 +0.3304401907961239 +0.3414788704464171 
+0.3530137204359611 +0.3649885514038543 +0.3766746108197748 +0.3876658687643085 
+0.3981934731013464 +0.4090232021379667 +0.4196904338158547 +0.4300511451460898 
+0.4401435743759038 +0.4510469783093338 +0.4625088828386225 +0.4747867880286534 
+0.4828327501446845 +0.4910094890371172 +0.4990398126916978 +0.5071577683203922 
+0.5175839952107135 +0.5284423652222807 +0.5372826950644433 +0.5451829988911134 
+0.5529833107186661 +0.5618277572490293 +0.5720329862962814 +0.5827059202227483 
+0.5936245303557535 +0.6048154090590421 +0.6161938923243330 +0.6283245192457492 
+0.6396044365322343 +0.6510607193166356 +0.6617354018458217 +0.6730162238279620 
+0.6840585054683372 +0.6958603741177574 +0.7079084310893035 +0.7196022535365378 
+0.7317894807596683 +0.7450285550269627 +0.7582190761992210 +0.7706810217747203 
+0.7831182568439925 +0.7956600421671267 +0.8078783207736171 +0.8194801843107509 
+0.8304893696711918 +0.8420548274512645 +0.8534932703194251 +0.8648410413659938 
+0.8751429872747656 +0.8847847756785199 +0.8943242141693033 +0.9051926547513904 
+0.9169432192147920 +0.9282588800887235 +0.9391936451230050 +0.9507125994198521 
+0.9626157937086812 +0.9746781379094798 +0.9873125963690914 +1.0000000000000000 
-0.0022126818386895 +0.0452071296230106 +0.0739891104251998 +0.0940823068717685 
+0.1099152786733965 +0.1225375640002727 +0.1335350099271304 +0.1431861446790279 
+0.1522724495025222 +0.1603224267655057 +0.1681020589082229 +0.1747506303110459 
+0.1813186933090698 +0.1880371645041954 +0.1951060721953021 +0.2022709557349919 
+0.2089578878401837 +0.2152288113512884 +0.2213901990816033 +0.2276122668321202 
+0.2319767007890295 +0.2362665152714962 +0.2404075304582962 +0.2444891719218372 
+0.2485096902517004 +0.2539649686181775 +0.2595328014312460 +0.2648622534666810 
+0.2702119578105828 +0.2749067931777284 +0.2795069600582375 +0.2847096380933138 
+0.2901135421470214 +0.2965791292357915 +0.3029025434481839 +0.3091558703550025 
+0.3153807733284494 +0.3217448253034690 +0.3284401524457239 +0.3356399562513541 
+0.3430509586716357 +0.3503622894349088 +0.3576705030719666 +0.3652884885739291 
+0.3732649157202004 +0.3809181728674667 +0.3874614734353826 +0.3942198982831487 
+0.4002826460176814 +0.4063247628876288 +0.4137128485392485 +0.4210863264837619 
+0.4287260057108291 +0.4367559480838477 +0.4452612298318097 +0.4533613738404321 
+0.4617583384975962 +0.4716502198496800 +0.4814138508253032 +0.4917991148578258 
+0.5023597606958210 +0.5122639267851598 +0.5219480639354921 +0.5316720294777871 
+0.5411725974048712 +0.5508123888298653 +0.5607845938188162 +0.5714833124752797 
+0.5819651354475163 +0.5909567600902060 +0.6003615337168035 +0.6096001407312917 
+0.6200495198075782 +0.6296937637477137 +0.6405688791132478 +0.6506248850701727 
+0.6603816917291736 +0.6702980495568385 +0.6804957192470886 +0.6906182924822536 
+0.7009358154126242 +0.7120028554121702 +0.7248755987485999 +0.7395454784746965 
+0.7549912081271887 +0.7706513657895796 +0.7870988077137616 +0.8007980892262913 
+0.8147674825504432 +0.8316112131101068 +0.8479702975278591 +0.8647859290242957 
+0.8829503277962916 +0.9046224927101985 +0.9374277151204180 +1.0000000000000000 
-0.0147714346853391 +0.1148489666739261 +0.1535520592114129 +0.1774071279452278 
+0.1945793614122002 +0.2086097597113611 +0.2216586443220059 +0.2339871811200851 
+0.2459052140108510 +0.2573131126119877 +0.2678273765808486 +0.2773601711251696 
+0.2865932171706072 +0.2959800959035134 +0.3048604433333763 +0.3131440803021402 
+0.3206779808751479 +0.3282222398315160 +0.3355417917084266 +0.3426306183308335 
+0.3499817476362304 +0.3568703836995014 +0.3629757134937255 +0.3691021382837286 
+0.3753414551956650 +0.3814838513534804 +0.3874924217727731 +0.3933565386450029 
+0.3993516971259033 +0.4054300248933186 +0.4113275484371267 +0.4169744940650658 
+0.4226445096032751 +0.4284116784826985 +0.4344972439474630 +0.4411140286730861 
+0.4480951344918395 +0.4541527046427332 +0.4582635117764758 +0.4621000535265157 
+0.4657576301753094 +0.4692622891828391 +0.4730187374226348 +0.4784157379474556 
+0.4836469544737386 +0.4887388501265712 +0.4935742209951481 +0.4983127123470074 
+0.5031780941666262 +0.5082267074041684 +0.5132912189043168 +0.5184679387669390 
+0.5239833668809822 +0.5299722113197780 +0.5358374977625363 +0.5416744661797145 
+0.5472182806293988 +0.5528065073489609 +0.5584502984103473 +0.5643048032729662 
+0.5704059861423499 +0.5762698203539049 +0.5815171255289086 +0.5869540595576840 
+0.5923685490016674 +0.5980205076365422 +0.6041374369924326 +0.6098534247416837 
+0.6154582141558318 +0.6215895906987188 +0.6274657306502834 +0.6327153999595461 
+0.6375470166011928 +0.6422712151520277 +0.6472164400549916 +0.6530644731554425 
+0.6605317653182076 +0.6678459789545075 +0.6753872777958342 +0.6832147346287309 
+0.6916596242881663 +0.7011124975104512 +0.7103179878258300 +0.7192699757983346 
+0.7282600578350973 +0.7378171831176803 +0.7478433102143465 +0.7575497406309162 
+0.7675437771490713 +0.7779311075684316 +0.7892894573966434 +0.8028440474083299 
+0.8203078570987516 +0.8432930458196295 +0.8813494927280792 +1.0000000000000000 
1.54636882437e-11 6.0217862e-06 
  <DiscreteSampler_grid>
  Helicity
  1 # grid_type. 1=='ref', 2=='run'
  80 # Attribute 'min_bin_probing_points' of the grid.
  1 # Attribute 'grid_mode' of the grid. 1=='default',2=='initialization'
  0.030 # Attribute 'small_contrib_threshold' of the grid.
  0.333 # Attribute 'damping_power' of the grid.
#  binID   n_entries weight   weight_sqr   abs_weight
    4   5056 6.74960446269e-11 7.07274347315e-20 6.74960446269e-11
    1   4633 6.45407632132e-11 1.47204608972e-19 6.45407632132e-11
    2   2170 4.17410799602e-11 2.17734513913e-19 4.17410799602e-11
    3   2142 3.28013785703e-11 2.48341193564e-20 3.28013785703e-11
  </DiscreteSampler_grid>
  <DiscreteSampler_grid>
  grouped_processes
  1 # grid_type. 1=='ref', 2=='run'
  10 # Attribute 'min_bin_probing_points' of the grid.
  1 # Attribute 'grid_mode' of the grid. 1=='default',2=='initialization'
  0.030 # Attribute 'small_contrib_threshold' of the grid.
  0.333 # Attribute 'damping_power' of the grid.
#  binID   n_entries weight   weight_sqr   abs_weight
    16   10 0.00102969523821 1.82626856013e-06 0.00102969523821
    22   10 0.00102969523821 1.82626856014e-06 0.00102969523821
    10   10 0.00102969523821 1.82626856013e-06 0.00102969523821
  </DiscreteSampler_grid>
