 -0.00153339749600007  0.01406113991118634  0.02588980492039896  0.03727693142187471
  0.04833819746263848  0.05926173183038603  0.06999193584711974  0.08067058237875835
  0.09135332821308485  0.10201990053001664  0.11259197496338430  0.12318973817323711
  0.13398253886307554  0.14489609191343031  0.15570728384433352  0.16638109364233741
  0.17709680421333376  0.18772694732912892  0.19823408456458563  0.20860937689002096
  0.21900678626355299  0.22939878262059915  0.23977006656138627  0.25024863731547053
  0.26074407175147973  0.27133807662261672  0.28201232881873106  0.29269057298086626
  0.30340074497580150  0.31416101717325123  0.32485844797614866  0.33552525508319242
  0.34601788034982689  0.35652813704435188  0.36682293938107852  0.37719913536102495
  0.38761167807796176  0.39803402957065881  0.40835402956413508  0.41873086368032131
  0.42925236241398251  0.43981866535735148  0.45048545724226940  0.46112164551947543
  0.47157618398161544  0.48197152400487570  0.49240492247821849  0.50281430159987184
  0.51323522389317489  0.52357539497007066  0.53405115575276640  0.54449672141366257
  0.55501847280281569  0.56554727081117728  0.57602195984108795  0.58645085151029364
  0.59685561277042842  0.60729035579758184  0.61788811824258305  0.62849916841632847
  0.63917030111813367  0.64977818249161279  0.66037574073399952  0.67095919559046324
  0.68148032414496995  0.69195948307370514  0.70240600184379465  0.71277955664921366
  0.72338736715203789  0.73393168847568657  0.74436724431893675  0.75474713607922106
  0.76509333989174777  0.77546317268822751  0.78566193631709513  0.79590370499014285
  0.80628956287628828  0.81669556436398094  0.82716428386808527  0.83762599669039106
  0.84811872151748946  0.85862257271242615  0.86910928820410194  0.87953784885287090
  0.88997240569563263  0.90040764059679490  0.91080103610495222  0.92120107882142799
  0.93143825387668322  0.94161615828891410  0.95166635816764211  0.96183368757834176
  0.97194283191355380  0.98179678211213139  0.99101121016611382  1.00000000000000000
 -0.00237859389463915  0.00975118797413133  0.01947447310702098  0.03023790197877794
  0.04077085592416258  0.05123212827395000  0.06175471766447540  0.07251904187498448
  0.08331618621081807  0.09385028568909307  0.10429553647951630  0.11493145544041131
  0.12546922087245829  0.13621929342251793  0.14687669578401971  0.15746242094448515
  0.16802687138006903  0.17854091745696174  0.18901143110976892  0.19934001437140728
  0.20964215253455495  0.22033759156209243  0.23096259175164158  0.24151032967829636
  0.25199951177572616  0.26257708379411632  0.27315522871813097  0.28361479044326987
  0.29416920744870295  0.30496521860813225  0.31572457577861718  0.32638448119010910
  0.33693240191375584  0.34755250907785690  0.35811376870291578  0.36854530718122369
  0.37907052228594473  0.38957455303928912  0.40009218213313319  0.41045227085250052
  0.42089802234934282  0.43128953868602510  0.44168043607404534  0.45196815262600537
  0.46229065518131773  0.47261053901199751  0.48311823522811026  0.49375588713898200
  0.50433309055671061  0.51473328677726327  0.52533421652770507  0.53581182844363473
  0.54629433401143612  0.55651802547799178  0.56699360714489055  0.57747683653688298
  0.58813318260875069  0.59883906985157764  0.60967832082902962  0.62033293528023059
  0.63072131010781740  0.64096923495376712  0.65130665000908017  0.66187741170358705
  0.67257249556434839  0.68320072296658985  0.69382992089807283  0.70444774578390101
  0.71512721352369935  0.72567684812044686  0.73616339722606727  0.74656562295452489
  0.75703246075628639  0.76759125357440694  0.77828247543252249  0.78898851665907355
  0.79969588778971479  0.81025810632637940  0.82076886602089139  0.83136674481250750
  0.84206384986242222  0.85271748590404406  0.86301306211353823  0.87327630712579585
  0.88376223957854638  0.89457474999852482  0.90536385184532553  0.91594971665223368
  0.92674220863622714  0.93730878595183009  0.94778723824742750  0.95821111449371188
  0.96866545871117782  0.97910190029910937  0.98941904137642500  1.00000000000000000
 -0.00219828165639478  0.00964250110002735  0.01918991111627144  0.02961132339559758
  0.03993601101149745  0.05044133062716798  0.06083824978624369  0.07144239879651559
  0.08207600988395747  0.09263784551468676  0.10342650698317384  0.11405247049209540
  0.12471237411660971  0.13507080978429256  0.14537597032777075  0.15584560685083371
  0.16640206673385322  0.17708436310266423  0.18772657520998820  0.19830736450078271
  0.20896185699261974  0.21952282244297378  0.23013675713952428  0.24051737865733186
  0.25103947027359286  0.26154164316103407  0.27207830790982390  0.28266700692176072
  0.29327069466158456  0.30388995324229823  0.31443343218799868  0.32484983431447606
  0.33545907898543559  0.34594270725936965  0.35642720806765471  0.36700286417375283
  0.37744470339581304  0.38823027765908585  0.39899121204039889  0.40995908444735646
  0.42078973411115511  0.43127948877779171  0.44186989121072245  0.45237258545086939
  0.46298111876987180  0.47360344016026501  0.48428063819687234  0.49494770324517251
  0.50537772428177163  0.51580857629790478  0.52634987537874467  0.53701427283731218
  0.54752210205869645  0.55798854047599544  0.56843660079397307  0.57887607122592000
  0.58935238336549256  0.59993329185821620  0.61049835976121747  0.62112666823664442
  0.63171672446517935  0.64236633966409984  0.65316094859980400  0.66390725602342382
  0.67454114323301284  0.68508560368618410  0.69578380688039687  0.70649358389563199
  0.71693469669789112  0.72738930485170450  0.73787767936334780  0.74834237203319809
  0.75880703181957476  0.76924184445337374  0.77969675116224846  0.79018593252461433
  0.80058550131178485  0.81107293125081770  0.82154812395874266  0.83196579989123065
  0.84247049721911826  0.85286344528052183  0.86333693871617390  0.87403596962966412
  0.88462393802774086  0.89529983970469051  0.90569691098917493  0.91614478650392184
  0.92657865241921888  0.93709305793440922  0.94778370629057895  0.95842191428805246
  0.96868070459595734  0.97904105929823815  0.98946700537849142  1.00000000000000000
 -0.00190335220026493  0.00955100406960788  0.01933510350547565  0.02969243554803699
  0.04019174192896729  0.05057919078372655  0.06104383103672530  0.07150841496256327
  0.08193885440547428  0.09233618578609616  0.10261403973762252  0.11312103847399294
  0.12369373027305086  0.13426779539462172  0.14495863972068623  0.15553912750080440
  0.16601331355734084  0.17646073581467572  0.18684730989581114  0.19738125478122900
  0.20756634909340199  0.21800568601890938  0.22832528603766253  0.23904499955151323
  0.24981218778000347  0.26044643732223610  0.27110593946477340  0.28161242111407708
  0.29210739297595273  0.30254841730372745  0.31314135302122004  0.32385936898102641
  0.33458568855914067  0.34514678346041999  0.35558256541243560  0.36595396553438447
  0.37623818483505361  0.38662287104067344  0.39693342263638692  0.40717972952976272
  0.41743314411650034  0.42799802739641468  0.43864307111996759  0.44954169030330748
  0.46021138858526767  0.47071636767934233  0.48126249135265209  0.49178045588351260
  0.50246843281976095  0.51302793073022612  0.52350678492626546  0.53408721888013888
  0.54474325288665670  0.55545366565094012  0.56626064785093422  0.57689001973419018
  0.58751691717179033  0.59790062940561106  0.60860034941699925  0.61917123017419473
  0.62974459995067000  0.64004198713487481  0.65061655286027142  0.66124119872396059
  0.67177547365071666  0.68215757863302140  0.69269965127154243  0.70341325816999645
  0.71393846458013366  0.72429426154011611  0.73463440906619426  0.74500138575978359
  0.75549294879379714  0.76586708704270667  0.77638311146636241  0.78700524633392310
  0.79778566927740246  0.80860369856568526  0.81921546703843573  0.82963806408444318
  0.84002797455403400  0.85061757621998435  0.86122778850408099  0.87177419751990204
  0.88228127493164055  0.89288639874707432  0.90344268604299771  0.91406295257976267
  0.92472941091205707  0.93549428466773066  0.94603671860623006  0.95659645983790131
  0.96730207507452193  0.97805948976813850  0.98903135408027087  1.00000000000000000
 -0.00217317259430074  0.00982800613143218  0.01973739433000708  0.03036546566735809
  0.04102738833510879  0.05161674091757662  0.06213663113008053  0.07268072712332674
  0.08340942603092276  0.09401437372234153  0.10453027377088145  0.11489905882252371
  0.12525951916244582  0.13561245479021899  0.14597062178405318  0.15644465804855379
  0.16691187001151644  0.17745328876928451  0.18811234831208282  0.19869276834331895
  0.20918950000146505  0.21947656141844410  0.22987386108038013  0.24029218220659232
  0.25077233382196495  0.26120502135134682  0.27157601949526544  0.28200219134668503
  0.29235584924647329  0.30282228358498797  0.31328327540181794  0.32383543475279986
  0.33447458517788137  0.34501919520477647  0.35566842617681321  0.36629866312834625
  0.37684101011111198  0.38735786646986797  0.39778604669893836  0.40847566869242674
  0.41906730633517425  0.42970242282470261  0.44034937506833810  0.45105923244986945
  0.46165811501340770  0.47212780577604685  0.48252465705796621  0.49297969413450815
  0.50335831734439196  0.51381301976579363  0.52441089740650348  0.53500599467675114
  0.54560055081109848  0.55611952273289000  0.56675180829361449  0.57745245879737217
  0.58817534231302504  0.59875145548863884  0.60937610355209160  0.61982415163013971
  0.63049186881429564  0.64116382323713317  0.65176059282815479  0.66229095773717961
  0.67288129750912717  0.68347808417335265  0.69414409227297047  0.70468772179238737
  0.71550742669819700  0.72624528326021731  0.73692994983323645  0.74768292938132497
  0.75851953361359070  0.76922772020912189  0.77955375443322183  0.78985597457804368
  0.80024829432734157  0.81074884274157910  0.82117904981868051  0.83151134062794818
  0.84186354488354198  0.85219261884537711  0.86286703749123739  0.87337802905548134
  0.88400978525497464  0.89449275049547672  0.90522854352995208  0.91595126001603333
  0.92664872580518265  0.93738861035323040  0.94805074251217269  0.95855851660044322
  0.96907705041653247  0.97948551393802963  0.98982557086260381  1.00000000000000000
  0.00974474582966645  0.01823222646608451  0.02489801453137588  0.03228218978782912
  0.03970141436627383  0.04716899780734888  0.05493311838656073  0.06298324452796582
  0.07122360067297391  0.07961092757752648  0.08801889860131804  0.09648027909135654
  0.10512414241350417  0.11402770101039954  0.12302889798101289  0.13214303850607415
  0.14136851806782941  0.15073836157583376  0.16017584704674317  0.16961602523143554
  0.17907073099885948  0.18867002684169520  0.19845032415630426  0.20831264682620507
  0.21820860329232136  0.22812343041470229  0.23803140656348817  0.24791946299820078
  0.25777708374862018  0.26760736171655636  0.27740908066970005  0.28718166434511216
  0.29695408211406549  0.30678927162895192  0.31665974917486261  0.32650297651281279
  0.33630784076211462  0.34612198834143398  0.35604748268224040  0.36608291768631807
  0.37615900564762789  0.38625096109614399  0.39639073782565709  0.40659605049417519
  0.41677983247839950  0.42698209995609854  0.43723972332552513  0.44752487490670445
  0.45788221039537125  0.46835321620354620  0.47891972689052142  0.48934283527206246
  0.49957549704094301  0.50981307779158425  0.52014002065364295  0.53050694215450811
  0.54095015678562763  0.55152292771463141  0.56221774359417431  0.57282919486208250
  0.58332833044061883  0.59362096563222044  0.60382064395472645  0.61407786671582942
  0.62442768433123808  0.63487999661107430  0.64532252609191987  0.65576591606739576
  0.66627812922257013  0.67690966999559077  0.68758673477342180  0.69826780525608645
  0.70896765352013824  0.71969617408914921  0.73045718380926727  0.74129397442899969
  0.75221858327037161  0.76317165940925669  0.77410360930585498  0.78505295131475628
  0.79604373041994725  0.80706493131576795  0.81809112779782367  0.82912806358197910
  0.84021815071652739  0.85150740181661333  0.86305114353188583  0.87487111068559875
  0.88690468503281561  0.89915796733088604  0.91169498839713514  0.92460485602838161
  0.93821879451680690  0.95320690541195585  0.97268300188950885  1.00000000000000000
 -0.02176455071862765  0.12258931989269635  0.15878486897177657  0.18066611207691124
  0.19785301854774628  0.21246579915604172  0.22537097938079600  0.23704993225387549
  0.24789878818932670  0.25795577815446069  0.26751520902348030  0.27646732644246186
  0.28507664182581072  0.29342005822569700  0.30143923260005595  0.30920290923276084
  0.31669168385813395  0.32396227472318839  0.33107902887487695  0.33803151804430043
  0.34480508085048567  0.35147821955919317  0.35789325137329242  0.36414338396714480
  0.37033119074462056  0.37643007119276456  0.38244509137920579  0.38838540684386375
  0.39426088448727231  0.40005664056453133  0.40575938427446495  0.41141512228013016
  0.41700088402065566  0.42251663481225787  0.42799723134638806  0.43345843143428231
  0.43889706934575973  0.44428675069685630  0.44962845653195171  0.45494347825659198
  0.46021090942823523  0.46544679036108177  0.47068782234653189  0.47593588886779226
  0.48120266920866045  0.48645266726986924  0.49169185745480715  0.49688113849899268
  0.50209644936319575  0.50730541703999554  0.51251710107658455  0.51774138610017695
  0.52297469520524598  0.52823216279361196  0.53353256944444238  0.53885332952539666
  0.54419213981255632  0.54954079224903685  0.55490465870692818  0.56029765394333420
  0.56572372358477085  0.57117819052434760  0.57665151953420013  0.58217177056278036
  0.58778875786342555  0.59347309301683715  0.59920767173046652  0.60499483313078817
  0.61086122606190141  0.61679416836828238  0.62280156848537005  0.62895502919712520
  0.63523005291449530  0.64159095738993899  0.64802069174990651  0.65458314360532199
  0.66123959164221624  0.66806465212110244  0.67509889704914383  0.68227049124097816
  0.68970204169276728  0.69741391439194567  0.70540533990664167  0.71370685808356660
  0.72236662011661257  0.73135653479878349  0.74084604907613949  0.75093218007424689
  0.76179597381792896  0.77351188811307048  0.78640953797861424  0.80098934603278837
  0.81812328337487095  0.83989992159562732  0.87590601334764839  1.00000000000000000
   2.2567953841600002E-006   4.3300766059099997E-003
  <DiscreteSampler_grid>
  Helicity
  1 # 1 for a reference and 2 for a running grid.
  80 # Attribute 'min_bin_probing_points' of the grid.
  1 # Attribute 'grid_mode' of the grid. 1=='default',2=='initialization'
  0.0300000000000000 # Attribute 'small_contrib_threshold' of the grid.
  0.3330000000000000 # Attribute 'damping_power' of the grid.
 # binID   n_entries weight   weight_sqr   abs_weight
    1   9312   1.323519481812377E-005   3.953209538321589E-010   1.323519481812377E-005
    2   88   9.969792897122680E-011   3.826697731726995E-020   9.969792897122680E-011
    3   87   1.005839570958934E-010   3.879837417243896E-020   1.005839570958934E-010
    4   9158   1.299293065132878E-005   3.807743267066398E-010   1.299293065132878E-005
  </DiscreteSampler_grid>
  <DiscreteSampler_grid>
  grouped_processes
  1 # 1 for a reference and 2 for a running grid.
  10 # Attribute 'min_bin_probing_points' of the grid.
  1 # Attribute 'grid_mode' of the grid. 1=='default',2=='initialization'
  0.0300000000000000 # Attribute 'small_contrib_threshold' of the grid.
  0.3330000000000000 # Attribute 'damping_power' of the grid.
 # binID   n_entries weight   weight_sqr   abs_weight
    16   10   2.871896884000000E+005   3.217703527040000E+011   2.871896884000000E+005
    22   10   2.871896884000000E+005   3.217703527040000E+011   2.871896884000000E+005
    10   10   2.871896884000000E+005   3.217703527040000E+011   2.871896884000000E+005
  </DiscreteSampler_grid>
