-0.0013302498189688 +0.0133501507602899 +0.0247389721342759 +0.0360843092843837 
+0.0471426143621987 +0.0580237079513543 +0.0686728938227170 +0.0791552119248572 
+0.0896393088487438 +0.1001239332951895 +0.1106239425308332 +0.1212063066218474 
+0.1320541839120443 +0.1429669846028557 +0.1537810042026795 +0.1644516351801582 
+0.1752469823583760 +0.1859268795970718 +0.1964054306817321 +0.2067434276420914 
+0.2171602757009649 +0.2276090807720260 +0.2380118379158652 +0.2484840399094244 
+0.2589456419958405 +0.2694551357233128 +0.2801211213631281 +0.2908854561879374 
+0.3017161226329629 +0.3125059406568977 +0.3230528357953654 +0.3335712015251424 
+0.3439285035650715 +0.3544677882655793 +0.3647620045310662 +0.3751535723862658 
+0.3855737747786332 +0.3960245184023601 +0.4063689640607271 +0.4167577047825843 
+0.4272984138547384 +0.4377695505505537 +0.4482502581196647 +0.4587899128841006 
+0.4691604435875975 +0.4795169157481911 +0.4899113200901776 +0.5002561324105228 
+0.5106539350773872 +0.5209488374176900 +0.5315227237903721 +0.5421422472167983 
+0.5527752500929431 +0.5633648988903183 +0.5737872191648340 +0.5842038043354392 
+0.5946314138383894 +0.6051044843922929 +0.6157627745255581 +0.6264658918555668 
+0.6372836124166462 +0.6480258064880675 +0.6587276535412502 +0.6693593248831056 
+0.6799137870859780 +0.6904387228162927 +0.7009357409964365 +0.7113064176888008 
+0.7219471146520642 +0.7325542676728146 +0.7431054100019622 +0.7535933233853757 
+0.7640039878579200 +0.7744178915935004 +0.7846172225938201 +0.7948468687949581 
+0.8052145040425426 +0.8156056430836156 +0.8260757690333953 +0.8365268632234801 
+0.8469897919386368 +0.8574604844957753 +0.8678694231161592 +0.8781915136844802 
+0.8885302678458022 +0.8989286848243906 +0.9092871685149332 +0.9196211574959251 
+0.9298503786106194 +0.9401137496793527 +0.9503174024849936 +0.9606524586733003 
+0.9709513722266400 +0.9810120895698593 +0.9905921927210679 +1.0000000000000000 
-0.0020771581325350 +0.0098323029804932 +0.0196009467897506 +0.0302989708208374 
+0.0408087374814076 +0.0512025240484780 +0.0616370147152339 +0.0723194040177184 
+0.0831138765232119 +0.0936423478815159 +0.1040405074994735 +0.1146737337804615 
+0.1252053330125578 +0.1359730307481600 +0.1465673817545082 +0.1570772648098738 
+0.1675769238901358 +0.1780379210693026 +0.1884990464821617 +0.1987864850077645 
+0.2090476835996788 +0.2196460595881242 +0.2302663029687902 +0.2407695599526145 
+0.2512482919195584 +0.2618665365151373 +0.2724992103391373 +0.2830211591855604 
+0.2936065989448536 +0.3044250890949131 +0.3151729529214764 +0.3257784726720433 
+0.3363176793580093 +0.3469390392621444 +0.3575285604708103 +0.3679489239021340 
+0.3785101198990692 +0.3890132561406433 +0.3995209765891309 +0.4098891171217514 
+0.4203687761549191 +0.4307632548434074 +0.4411210335899277 +0.4513934831977540 
+0.4617253058404629 +0.4719734821325738 +0.4823045858325349 +0.4928232123039102 
+0.5034187896177799 +0.5138652990992491 +0.5244244870575779 +0.5348245979345934 
+0.5451961159132699 +0.5553117599251589 +0.5656781476736780 +0.5760869395762649 
+0.5867091868732502 +0.5973803366945524 +0.6082182366212072 +0.6188922478411693 
+0.6292885326190947 +0.6395411755643760 +0.6498914701963843 +0.6604463139066890 
+0.6712228213775343 +0.6819638310261421 +0.6928077543848428 +0.7035845848741672 
+0.7143215974762189 +0.7248642319069130 +0.7353643569458771 +0.7458778659854177 
+0.7565111293364070 +0.7672227519499810 +0.7780100355336388 +0.7887460824879778 
+0.7994656077556627 +0.8100448302910549 +0.8205334765263120 +0.8310987986006246 
+0.8417696160514047 +0.8523845575864822 +0.8626039366806005 +0.8727945212901249 
+0.8833403438415636 +0.8943039625892424 +0.9051918844744857 +0.9158925514105384 
+0.9267688169633449 +0.9374492353284682 +0.9478683780340108 +0.9582411882043114 
+0.9686385105383326 +0.9790941891176349 +0.9894156052459002 +1.0000000000000000 
-0.0021749683767864 +0.0095797279494146 +0.0190521302740022 +0.0293143470549387 
+0.0394790534972299 +0.0498286896655131 +0.0601641257296387 +0.0708742357408281 
+0.0816650043451115 +0.0923703846076930 +0.1031948273922317 +0.1138155342747369 
+0.1243850156960195 +0.1346733075300106 +0.1448911285757472 +0.1552634166194209 
+0.1657374772216030 +0.1763619494644171 +0.1870193291046264 +0.1976364380081673 
+0.2083262208403127 +0.2188978518830370 +0.2295195588665448 +0.2399317221306520 
+0.2505311708956137 +0.2611308444358229 +0.2717981616210846 +0.2824529365304810 
+0.2930698867145586 +0.3036315664478319 +0.3140783820056390 +0.3244000276538148 
+0.3348796489665872 +0.3452522116833411 +0.3555036031584878 +0.3658921846260135 
+0.3761300886247576 +0.3867950255370239 +0.3974612052719131 +0.4083973135893785 
+0.4193280530801571 +0.4298977683403423 +0.4406287024621247 +0.4511932887395873 
+0.4617848009453492 +0.4722838421441422 +0.4828953072354288 +0.4935580348533055 
+0.5040197950080729 +0.5144930998256716 +0.5250758044681882 +0.5357803265030346 
+0.5462691094937728 +0.5566419865351044 +0.5669359233458634 +0.5773164293933013 
+0.5878324520710496 +0.5986472773644074 +0.6093523464575945 +0.6200724357205586 
+0.6306917300170256 +0.6414161142398241 +0.6522822294736942 +0.6630782251974942 
+0.6738130419270351 +0.6845867796047768 +0.6954771854195773 +0.7062576815219619 
+0.7166071577841511 +0.7270242725669084 +0.7374096136959354 +0.7478337735946041 
+0.7582459478607289 +0.7686112060053628 +0.7790295973772283 +0.7894661698768859 
+0.7998551551682035 +0.8103331718785410 +0.8208547115858212 +0.8313566498268621 
+0.8418818441679317 +0.8522388638869465 +0.8626577354653620 +0.8732997183970992 
+0.8838812779268793 +0.8945461402816896 +0.9049455903173195 +0.9153841739259669 
+0.9258716896939647 +0.9364584068195804 +0.9472536286310550 +0.9580609932019093 
+0.9685142384237586 +0.9790494643581018 +0.9895076075489265 +1.0000000000000000 
-0.0021755622305199 +0.0098090273346644 +0.0197140794628646 +0.0301963546220156 
+0.0407464991146144 +0.0511114381382067 +0.0614614660051110 +0.0718249487388115 
+0.0821864052488229 +0.0925138078746313 +0.1027344340455803 +0.1132284862495591 
+0.1237631702019825 +0.1342161915521107 +0.1447381320064370 +0.1552034861400702 
+0.1656194120298438 +0.1760382426924212 +0.1864964617595530 +0.1971190297413146 
+0.2074048675748195 +0.2178749659588004 +0.2282423330507149 +0.2389903694626341 
+0.2497822591898808 +0.2603810466492714 +0.2709602305663431 +0.2814734066008400 
+0.2920653113239305 +0.3026334463254708 +0.3132801380531010 +0.3239867848716085 
+0.3347049199514377 +0.3451889038890966 +0.3555465262576885 +0.3659133975980329 
+0.3762466118122563 +0.3866875943871196 +0.3969365410050845 +0.4070776614565042 
+0.4172067773928675 +0.4276981369332915 +0.4382666574624121 +0.4490690878442563 
+0.4597093382791585 +0.4702873523859989 +0.4810356228035970 +0.4916580603834543 
+0.5023327119508931 +0.5128242254396145 +0.5232571784984070 +0.5338579904861419 
+0.5444838751048362 +0.5552394499754205 +0.5660982397807991 +0.5768440058286464 
+0.5875102038218272 +0.5979694585081056 +0.6086418760282980 +0.6192517551802891 
+0.6298530287084833 +0.6402545124814821 +0.6508716264997497 +0.6615191690863974 
+0.6720286721086621 +0.6824018818837916 +0.6929446399283219 +0.7036903575952584 
+0.7142525386084444 +0.7246161597853403 +0.7349246870972721 +0.7451976966233769 
+0.7554400439685059 +0.7656660078784533 +0.7761121773785502 +0.7867896388069088 
+0.7975625049854609 +0.8082648932901803 +0.8187848646359013 +0.8291457169063949 
+0.8395139347442210 +0.8500705732078336 +0.8606467162776553 +0.8711701367753374 
+0.8816872806356542 +0.8922821889600334 +0.9028396933757151 +0.9134420428438860 
+0.9241198632727184 +0.9349066868826418 +0.9454572156003076 +0.9560349640588592 
+0.9668413168570468 +0.9777600969326372 +0.9888973989480395 +1.0000000000000000 
-0.0024174241060078 +0.0097303249614437 +0.0195392010070873 +0.0300507229660779 
+0.0406677143650840 +0.0512518228354493 +0.0618047639476130 +0.0723922181418482 
+0.0830818325115016 +0.0935848319028059 +0.1039988561836602 +0.1143078800633139 
+0.1246165397988051 +0.1349257696309388 +0.1452749713050860 +0.1557911622678989 
+0.1663650335767332 +0.1769590951885442 +0.1876612898475311 +0.1982603838454058 
+0.2088544110572041 +0.2192878279983086 +0.2298119000185938 +0.2402845680831667 
+0.2507841815432935 +0.2612773546767850 +0.2717836938734333 +0.2822826625382845 
+0.2926682148473870 +0.3031357678909484 +0.3136333514144042 +0.3242027366855411 
+0.3348962231259923 +0.3454872475018737 +0.3562116159723095 +0.3668542373066931 
+0.3773263582457068 +0.3877160793445212 +0.3981033383863009 +0.4088403545340933 
+0.4194996906464400 +0.4301388982129685 +0.4407836767529953 +0.4515481001031734 
+0.4621971669137631 +0.4726382348778284 +0.4829743973238785 +0.4934072815171889 
+0.5038068543488377 +0.5142915959490024 +0.5249121870027705 +0.5355446026953107 
+0.5461782851286729 +0.5567437206354569 +0.5674810038600574 +0.5782521142661270 
+0.5889123140566593 +0.5994078717625818 +0.6099985234343143 +0.6205425359823999 
+0.6312862496645166 +0.6419310956961144 +0.6524324366057442 +0.6628660974641566 
+0.6734101568737906 +0.6839321366436718 +0.6945611569561573 +0.7050893730715088 
+0.7159434735326570 +0.7266285747675214 +0.7371985536549897 +0.7477839828108895 
+0.7584669242580112 +0.7691166190153225 +0.7793928080170216 +0.7896315921130603 
+0.7999289870760667 +0.8104255422395404 +0.8209440593560881 +0.8313452293786161 
+0.8416692977085789 +0.8519786259597720 +0.8626426659638207 +0.8732223179510689 
+0.8838735896610190 +0.8943609625792572 +0.9050716637557387 +0.9158445205176824 
+0.9265183691671072 +0.9372575645919851 +0.9478244977935725 +0.9583216718161265 
+0.9687498600211913 +0.9791251564977183 +0.9895794455677256 +1.0000000000000000 
+0.0099638096125025 +0.0175489213995866 +0.0238285261652576 +0.0316084083974408 
+0.0395378999049590 +0.0473978268432728 +0.0554395137061892 +0.0637092252547912 
+0.0721987979808169 +0.0807592071996154 +0.0892929482667547 +0.0978362727120251 
+0.1066312718918125 +0.1156942857535775 +0.1248295413299859 +0.1340888758453587 
+0.1435101633046077 +0.1530614788689057 +0.1626261105580289 +0.1721361079959532 
+0.1816809082612425 +0.1914407207735317 +0.2014408583794891 +0.2115274506994579 
+0.2216050658234830 +0.2316542564336179 +0.2416977563134267 +0.2517094649798279 
+0.2616586065930916 +0.2715436993148261 +0.2813934828507048 +0.2912266748759577 
+0.3010804703680562 +0.3110546709176708 +0.3210648752643980 +0.3310627594204371 
+0.3410067585780920 +0.3509728508158414 +0.3610759959401361 +0.3712568329930477 
+0.3813810249629305 +0.3914796210144177 +0.4016787420353728 +0.4119926372607169 
+0.4222473143103020 +0.4326024090820848 +0.4429636523327326 +0.4534068967257113 
+0.4638474255368614 +0.4743571839257601 +0.4847990745896653 +0.4950255490095523 
+0.5052531273986535 +0.5156627986933083 +0.5260799866769978 +0.5365996829297213 
+0.5471084395134809 +0.5578802124589634 +0.5685153386861013 +0.5791167092874355 
+0.5894411527014018 +0.5995843311804016 +0.6098005137913010 +0.6201185404381998 
+0.6305948117950866 +0.6410730628518969 +0.6514909378506977 +0.6619332189537988 
+0.6724456428583003 +0.6830420203741393 +0.6936226097669967 +0.7042053803500476 
+0.7148301359953915 +0.7254586720178250 +0.7361788381612066 +0.7469907357500243 
+0.7578399381303512 +0.7686054330156010 +0.7793759998175008 +0.7901765703196074 
+0.8010108510377784 +0.8118487077431308 +0.8226772716777344 +0.8335570624400271 
+0.8445157675083873 +0.8557131440894573 +0.8671730525782531 +0.8788717998502572 
+0.8907220673633220 +0.9027535111462762 +0.9150530386492194 +0.9277282550405896 
+0.9411584044536484 +0.9561144180995617 +0.9749251772420557 +1.0000000000000000 
-0.0185743391337382 +0.1095582615633943 +0.1454665964770600 +0.1677390264726268 
+0.1852439825072419 +0.2003301547571940 +0.2137239524783041 +0.2258982868911700 
+0.2371027692103951 +0.2476246636024548 +0.2574614800350565 +0.2668948360904876 
+0.2758033595374750 +0.2843750811398906 +0.2926875329704338 +0.3006889956600192 
+0.3084698182172533 +0.3160262486299827 +0.3233839487317260 +0.3306115749026054 
+0.3376723009414155 +0.3445494276964939 +0.3513459002900674 +0.3579034002803675 
+0.3643181731716909 +0.3706722390245905 +0.3769387544646374 +0.3831208165176374 
+0.3892479893856031 +0.3953200265870052 +0.4013162895939159 +0.4072363157848697 
+0.4131378122751215 +0.4189943461283809 +0.4247692856466229 +0.4304959184747745 
+0.4361705545647059 +0.4418124700831159 +0.4474025475763508 +0.4529714456852545 
+0.4584985075163811 +0.4639857850190082 +0.4694618667308820 +0.4749444910754742 
+0.4804280492092437 +0.4858992968463309 +0.4913596518210753 +0.4967941535394317 
+0.5022948846416173 +0.5077902318040902 +0.5132818881398763 +0.5187571710122022 
+0.5242496801302440 +0.5297703279443763 +0.5353189421061741 +0.5408851646137750 
+0.5464693585747811 +0.5520719433749137 +0.5576763343904031 +0.5633109742334553 
+0.5690013496443609 +0.5747142588104202 +0.5804342848987837 +0.5862279706032202 
+0.5920897849160632 +0.5980035155638619 +0.6039883836660784 +0.6100725077027528 
+0.6162359795609176 +0.6224777499691874 +0.6288287629541034 +0.6352857490894049 
+0.6418097354320055 +0.6484243927039141 +0.6551819873962985 +0.6620087189022429 
+0.6689694216170821 +0.6761251250673613 +0.6833993149374497 +0.6909218898527187 
+0.6986994159775751 +0.7067064087896925 +0.7150307665028451 +0.7236674899846338 
+0.7325754803659984 +0.7419383937032690 +0.7518037162632317 +0.7623410776090455 
+0.7735792319676618 +0.7857168654527324 +0.7990491474101075 +0.8140719662863245 
+0.8314999959583739 +0.8538560912546131 +0.8897355384779392 +1.0000000000000000 
2.25679538416e-06 0.00433007660591 
  <DiscreteSampler_grid>
  Helicity
  1 # grid_type. 1=='ref', 2=='run'
  80 # Attribute 'min_bin_probing_points' of the grid.
  1 # Attribute 'grid_mode' of the grid. 1=='default',2=='initialization'
  0.030 # Attribute 'small_contrib_threshold' of the grid.
  0.333 # Attribute 'damping_power' of the grid.
#  binID   n_entries weight   weight_sqr   abs_weight
    1   7084 1.56914733782e-05 5.09818668469e-10 1.56914733782e-05
    4   6905 1.54904069185e-05 4.95155224026e-10 1.54904069185e-05
    2   86 1.0198779425e-10 3.91568391491e-20 1.0198779425e-10
    3   86 1.01751060266e-10 3.92495175302e-20 1.01751060266e-10
  </DiscreteSampler_grid>
  <DiscreteSampler_grid>
  grouped_processes
  1 # grid_type. 1=='ref', 2=='run'
  10 # Attribute 'min_bin_probing_points' of the grid.
  1 # Attribute 'grid_mode' of the grid. 1=='default',2=='initialization'
  0.030 # Attribute 'small_contrib_threshold' of the grid.
  0.333 # Attribute 'damping_power' of the grid.
#  binID   n_entries weight   weight_sqr   abs_weight
    16   10 287189.6884 3.21770352704e+11 287189.6884
    22   10 287189.6884 3.21770352704e+11 287189.6884
    10   10 287189.6884 3.21770352704e+11 287189.6884
  </DiscreteSampler_grid>
