  0.00033719339831129  0.00034315608821808  0.00034733769902970  0.00035045633757971
  0.00035309393052604  0.00035543179767449  0.00035757249969585  0.00035950115126296
  0.00036127734615235  0.00036282988162538  0.00036420749813734  0.00036544137889921
  0.00036649975147468  0.00036740905657943  0.00036818708196770  0.00036876106788341
  0.00036926655204191  0.00036970476493446  0.00037014447992392  0.00037055193573999
  0.00037087557123403  0.00037112988441216  0.00037135956182351  0.00037156669986512
  0.00037177279904129  0.00037196898200693  0.00037216753532023  0.00037239761502648
  0.00037265227099596  0.00037311260531393  0.00037522771269633  0.00037548356421664
  0.00037568679815035  0.00037589003208407  0.00037605970875160  0.00037622917561946
  0.00037640712315049  0.00037659728958282  0.00037678836619059  0.00037699871342171
  0.00037720906065283  0.00037747096084361  0.00037774345194837  0.00037803437316609
  0.00037832734342550  0.00037863880510988  0.00037905050619770  0.00037964069949971
  0.00038033737198196  0.00038109583473012  0.00038196384229378  0.00038295317317683
  0.00038408663045086  0.00038538705713569  0.00038699085352464  0.00038879730805937
  0.00039074113836958  0.00039284848587607  0.00039501560550464  0.00039737612649162
  0.00039992256638103  0.00040268327281592  0.00040569503434281  0.00040931124161430
  0.00041297727169010  0.00041630019735010  0.00041881447056058  0.00042145324145877
  0.00042424989472111  0.00042778648629835  0.00043231079199941  0.00043702272795422
  0.00044150095964498  0.00044667833719786  0.00045941760619655  0.00047438420922358
  0.00048989712949618  0.00050690154600551  0.00052101098264537  0.00053343169142732
  0.00054775787255443  0.00056496162993154  0.00059568433774882  0.00062923655291021
  0.00066688631821608  0.00070986066832975  0.00074506822934756  0.00078349536792842
  0.00083714678935246  0.00094789162897571  0.00114410047756054  0.00152632094050290
  0.00206586823255339  0.00296469575600889  0.00584983702203348  1.00000000000000000
 -0.00010337708663403  0.00099894329204632  0.00204515871603231  0.00335427017134110
  0.00514132209459176  0.00749551437550925  0.00996468735554357  0.01342206054727129
  0.01774748468195677  0.02143707895547092  0.02551857942095316  0.03178111428868877
  0.03731901552947790  0.04309755386854189  0.04908738618004661  0.05493955438188278
  0.06022247011869081  0.06622138313662002  0.07348187454038123  0.08135151372749751
  0.08987119782268441  0.09902248678284672  0.10839343721285020  0.11640466822336816
  0.12360792285183131  0.13057901428067806  0.13851639579427963  0.14733384059584517
  0.15728463522076705  0.16724625579638802  0.17644205291659418  0.18417951190263360
  0.19106816305646129  0.19813791436175365  0.20590064649995485  0.21591888968165021
  0.22840382692223973  0.24226004972356235  0.25594533862400148  0.26822196623583505
  0.27897750534824456  0.28968078601724762  0.30009787840609015  0.31054743223309422
  0.32191087524993212  0.33415378636517884  0.34912039702769937  0.36568112456262397
  0.38203054716144735  0.39481239600024187  0.40682849891921458  0.41820300518774467
  0.42880306463540407  0.44080419452722408  0.45317664066018154  0.46656372391543521
  0.48175373827364060  0.49737203832914906  0.51441624901593719  0.53303858550731165
  0.54790048891705379  0.56164912418791413  0.57511438696576489  0.58883660883620370
  0.60378367627813923  0.62061917662697108  0.63651812986899126  0.64771097043651715
  0.65751074370192442  0.66830937358005271  0.67923927059106248  0.69180940074140185
  0.70471746664111834  0.71852002675581761  0.73507650709831207  0.75174558616565113
  0.76799268740820348  0.78203618047267087  0.79495067803783004  0.80707520963125878
  0.81965941381373053  0.83277441021155152  0.84640845920910790  0.85836543529169951
  0.87003192694221954  0.88097409424982076  0.89151833041977147  0.90136159008768801
  0.91159462446314921  0.92256437615644415  0.93450345620547093  0.94713582633467008
  0.95935397166219116  0.97150330604837232  0.98534127442670283  1.00000000000000000
 -0.00289153892513647  0.01172341657493313  0.02245347029627046  0.03298844003555443
  0.04336675520222626  0.05306633420388673  0.06455220938642997  0.07633086459343777
  0.08883558488358174  0.10175358332791451  0.11324266980204747  0.12402504338179184
  0.13326282622345748  0.14191044531961436  0.15034574616766450  0.15925874545522198
  0.16753136882782452  0.17531964059582292  0.18334350777478237  0.19180964681131249
  0.20086821053029563  0.21267995656743457  0.22409664711342978  0.23560467158307646
  0.24665166915900680  0.25771224462082182  0.26818162864495904  0.28109586715920309
  0.29052787588880574  0.29693966374491093  0.30199126576799407  0.30821513812660156
  0.31511178697894365  0.32302182877826846  0.32954818361117266  0.33306764926808757
  0.33627464544695357  0.33925542487326987  0.34289621835895479  0.34890436228125832
  0.35741959112819405  0.37109005148529051  0.38496739637980282  0.39907817148701991
  0.41226485154662507  0.42533844854129721  0.43791756395818821  0.44949786426150395
  0.45984595974133891  0.46993371048407800  0.48038353658928712  0.49067704064247086
  0.50149152536689012  0.51403393928092400  0.52741211818701517  0.54329711608882059
  0.56088594131558722  0.57789822862354556  0.59391573090206784  0.60789619498763636
  0.61861062519249010  0.63127039772169968  0.64195620606773418  0.65363847691091836
  0.66566011013885429  0.67611391707695367  0.68670878228057297  0.69692536556131923
  0.70677716036973359  0.71603294133774731  0.72545159267767789  0.73610582875884789
  0.74430305764684113  0.75222164844604578  0.75943999727215228  0.77022041801127517
  0.78404963230030889  0.79873444250140213  0.81292597466137140  0.82590071052695535
  0.83977285744139918  0.85306999409627171  0.86567026152612125  0.87759874145532513
  0.88832926134048529  0.90042445812359162  0.91254617083412870  0.92493168121557612
  0.93656067781862995  0.94627322642583700  0.95665115722059335  0.96707004641516103
  0.97687579137193115  0.98456032905288005  0.99177756913157245  1.00000000000000000
 -0.00526930521115081  0.01821568215836054  0.03452651328414520  0.04838988027976810
  0.06140480499533664  0.07426635314870961  0.08567734516173627  0.09738769567637803
  0.10865470922287872  0.12181036804767748  0.13751815667627595  0.14980920331839107
  0.16059980382298755  0.16988688070012908  0.17906275803946914  0.18850305810121515
  0.19771276551599126  0.20729740182065801  0.21825587349031525  0.23099331174483417
  0.24730585685983686  0.26229910343153978  0.27127600655281914  0.27791045173084905
  0.28275343550808046  0.28828450008450512  0.29682184414048374  0.30538765974359006
  0.31058292727068709  0.31517644999725569  0.32007071682613458  0.32449511898306743
  0.32879416515860338  0.33468205061835132  0.34311704318686326  0.35549236825534736
  0.36481834871554519  0.37259415972728488  0.37963692498929097  0.38858790582449693
  0.39780403668693515  0.40878726651660419  0.42196717707992770  0.43506412239875514
  0.44918044223813619  0.46369833746196182  0.47799514429949458  0.49236303986209073
  0.50576247698428733  0.51777038992399105  0.53164814012604056  0.54537359624987014
  0.55598017168089153  0.56645570164305159  0.57814274482787187  0.59030566790699490
  0.60090327854622105  0.61184921514318036  0.62352439364619339  0.63416031352687552
  0.64170362152218885  0.64996995436712879  0.65862354365593778  0.66869600718498878
  0.68252620325213098  0.69591195253084859  0.70696557829094497  0.71825464601556688
  0.72929018928746059  0.74103072453535845  0.75247761284950987  0.76438360176969666
  0.77558855967738227  0.78676683098752942  0.79672586120924416  0.80513548391773615
  0.81352543223923557  0.82204776646543887  0.82866077522311710  0.83536020696421576
  0.84228262860560132  0.85055645574056282  0.86049989760441248  0.87058722986952997
  0.88115698317424540  0.89046912963603064  0.90023218033939600  0.91027928459180341
  0.92208999619533838  0.93524308267117184  0.94887882957422098  0.96244904587041979
  0.97387929942012230  0.98363703510946465  0.99225222327840534  1.00000000000000000
 -0.00238780142445105  0.01167023652370651  0.02317658368607768  0.03352222418563666
  0.04346450419395323  0.05708353239379403  0.06853211529755193  0.07961922280800494
  0.09096408586934569  0.10286590611730147  0.11671139655631295  0.13219388737245250
  0.14574999128156108  0.15820560060993435  0.17083117011720214  0.18358464077312031
  0.19509268884625383  0.20599619717805237  0.21696960062183812  0.22936553300525064
  0.23870421826911975  0.24685059217412836  0.25469843785025770  0.26125916670372290
  0.26668231852066998  0.27198464159524938  0.27769538152977763  0.28730413972115626
  0.29690851302572629  0.30612469136390458  0.31536662744258015  0.32520404268275344
  0.33604403264749322  0.34740835383266899  0.35945503168031318  0.37057321154872397
  0.37783790562595837  0.38400862606488201  0.38988836662859278  0.39543270373982420
  0.40424016991724021  0.41512630600535949  0.42551458662027142  0.43729133670627107
  0.44961569873578494  0.46189980092850935  0.47464375202268355  0.48663181626122792
  0.50003799108808200  0.51462692077516226  0.52996982891704902  0.54520758290665805
  0.55914349802692853  0.57256617641691410  0.58673175293539936  0.60124978985475686
  0.61554571986700823  0.62894227256731183  0.64080956128486255  0.65059540430830065
  0.66057859170695110  0.66952552627835937  0.68180123534480608  0.69449640703464466
  0.70605146762689142  0.71575974496066663  0.72564138926765254  0.73617320792163132
  0.74782495491905365  0.76030624071007102  0.77177729792503713  0.78178991487792704
  0.79091239159479687  0.80127017317923743  0.81356705086373915  0.82592420614983564
  0.83832852527350321  0.85133313055473425  0.86353136827042565  0.87515461140718764
  0.88654687057082326  0.89817785784957016  0.91121464559643839  0.92528970244760345
  0.93934219421478660  0.94457414615012181  0.94993380898391977  0.95544061383062684
  0.96186860695088849  0.96775236845478652  0.97332730091605224  0.97909342240893638
  0.98461784221753967  0.98959376605485216  0.99448947067569549  1.00000000000000000
 -0.00703155914119899  0.04395020324851232  0.05996072272369718  0.07034042354927138
  0.07856366364690595  0.08650138923944022  0.09538860372880732  0.10322830180241348
  0.10916901601696265  0.11380084399566906  0.11808579156713651  0.12250401280113664
  0.12759363531377577  0.13233818455143764  0.13564446973760358  0.13918142549762746
  0.14240150946089955  0.14530411442240557  0.14792238398761792  0.15223749624594143
  0.15664589858767708  0.16078602787717164  0.16497441647535771  0.16963894893049725
  0.17395991879467254  0.17790446999170009  0.18188831922491136  0.18603368686997751
  0.19060563054747867  0.19520294649005648  0.19976362963823299  0.20439729569019857
  0.20964558815965798  0.21454823905288214  0.21904543647724983  0.22376920094033501
  0.22873459128357251  0.23203447031757543  0.23508971509846491  0.23884062616384588
  0.24217436991366886  0.24523715006914565  0.24844343763923629  0.25233459010237130
  0.25679940481570068  0.26084956473394111  0.26475692978970233  0.26841292190908050
  0.27226800299624970  0.27526164355865818  0.27830015683784926  0.28143238322554148
  0.28526114615348819  0.28932615908457221  0.29445781607463611  0.30259359591454171
  0.30942974160530257  0.31677554968953703  0.32460274942910233  0.33223398845190122
  0.34035253091797119  0.34867853374652524  0.35673589437011610  0.36552159040130383
  0.37601258239893115  0.38679591381691691  0.39689962020939401  0.40722965724514326
  0.41908254259242306  0.43138860810958396  0.44346786823626266  0.45647616804408203
  0.47161069886230511  0.48563412488852936  0.49790570089219344  0.50973065578885202
  0.52151036617623747  0.53347493351185826  0.54621108478552771  0.55951699327479765
  0.57398546223864988  0.58425599119507665  0.59257538449034697  0.60098865830667025
  0.61090601383288901  0.61903383405325130  0.63256669114123099  0.64956850928350174
  0.67340325970932402  0.70323953466492628  0.73001084556586870  0.76407692735495814
  0.80196135856506823  0.84179427178327970  0.88088139307234548  1.00000000000000000
 -0.01392528929220525  0.10189867093609965  0.13860856569215260  0.16120769934168114
  0.17961734914281818  0.19557760941605942  0.21046096474416437  0.22523717658728992
  0.23837616040735676  0.24900796043445059  0.25854353879014436  0.26758504116852155
  0.27627993671663786  0.28623159932208947  0.29581250400115700  0.30616563212264464
  0.31546721651294174  0.32363408836172847  0.33074408613287132  0.33678623118966022
  0.34230792155151696  0.34817905306971075  0.35458759372367160  0.36153289894288609
  0.36860586913825694  0.37563287436607667  0.38245855124504435  0.38949074688260088
  0.39614209679491136  0.40290754357591252  0.40993500263384119  0.41747856110467702
  0.42395898690000305  0.42994143208617486  0.43579971097520726  0.44190069855390479
  0.44876612942011318  0.45677058739149129  0.46254938845731280  0.46650146812001292
  0.47015497489047309  0.47419283190430683  0.47932315269550413  0.48484796362829125
  0.48963166087026938  0.49375099271520340  0.49780794890208691  0.50208055342192759
  0.50628938438654580  0.51023975528767440  0.51432061105130122  0.51836893554175612
  0.52373524315550568  0.53022062606110110  0.53693899666501976  0.54414245091305891
  0.55172735577386645  0.55911050243834060  0.56618213759689917  0.57242884270981986
  0.57699612119775190  0.58140830673158139  0.58510185212363786  0.58872268016613016
  0.59237114541768376  0.59688804587468147  0.60239966517728127  0.60790744684006004
  0.61322889505102129  0.61883689494981187  0.62554500083418962  0.63387814498208539
  0.64293154728021951  0.65180939372502900  0.66151210504935298  0.66992838698170509
  0.67952336340396935  0.68917847141935085  0.69916719621963597  0.70977929776713233
  0.72019757202884660  0.73028554752602270  0.73826696581633555  0.74678464320063331
  0.75575857030936555  0.76476400976970715  0.77279333067435207  0.78023747961196321
  0.78839631102628283  0.80043761587539530  0.81637911448378597  0.83191950248646351
  0.84708402626995860  0.86581463117840174  0.89165828044739059  1.00000000000000000
   5.5006706945400003E-011   3.2196093333300001E-006
  <DiscreteSampler_grid>
  Helicity
  1 # 1 for a reference and 2 for a running grid.
  80 # Attribute 'min_bin_probing_points' of the grid.
  1 # Attribute 'grid_mode' of the grid. 1=='default',2=='initialization'
  0.0300000000000000 # Attribute 'small_contrib_threshold' of the grid.
  0.3330000000000000 # Attribute 'damping_power' of the grid.
 # binID   n_entries weight   weight_sqr   abs_weight
    1   2943   1.896389023809875E-010   1.632332276254066E-018   1.896389023809875E-010
    2   101   2.112457055934387E-012   1.841537149275822E-022   2.112457055934387E-012
    3   133   8.250299038871608E-012   3.705383916632001E-021   8.250299038871608E-012
    4   5652   2.725654804439420E-010   3.828495263620818E-017   2.725654804439420E-010
  </DiscreteSampler_grid>
  <DiscreteSampler_grid>
  grouped_processes
  1 # 1 for a reference and 2 for a running grid.
  10 # Attribute 'min_bin_probing_points' of the grid.
  1 # Attribute 'grid_mode' of the grid. 1=='default',2=='initialization'
  0.0300000000000000 # Attribute 'small_contrib_threshold' of the grid.
  0.3330000000000000 # Attribute 'damping_power' of the grid.
 # binID   n_entries weight   weight_sqr   abs_weight
    16   10   7.143713464800000E-003   1.775819985710000E-004   7.143713464800000E-003
    22   10   7.143713464800000E-003   1.775819985710000E-004   7.143713464800000E-003
    10   10   7.143713464800000E-003   1.775819985710000E-004   7.143713464800000E-003
  </DiscreteSampler_grid>
