  0.03023501193525213  0.03871691789154217  0.04709933655052047  0.05776711109659220
  0.06813205807263062  0.07920659729694478  0.09053346276308910  0.10138191708067222
  0.11259051169965412  0.12397631368085692  0.13525179112668864  0.14646904697136182
  0.15716824043725183  0.16711111888147615  0.17669129738944930  0.18650056336441237
  0.19690798947649055  0.20707150247483541  0.21604228187325386  0.22489125487283365
  0.23375826535365671  0.24271920096750960  0.25184763060289866  0.26071895846474663
  0.26958244062817727  0.27910802822312702  0.28925341993591647  0.29966232734392401
  0.31013238991217018  0.32017633400654133  0.32974130328202206  0.34037916092052845
  0.35165679288014706  0.36300804081045951  0.37455448426312515  0.38665762414129667
  0.39821686471095236  0.40939877075651149  0.42068764476634396  0.43203142090602009
  0.44313058973082320  0.45405818149957045  0.46514791223448365  0.47586216472977705
  0.48569293362625487  0.49517159666979249  0.50449811861423377  0.51365308510247676
  0.52286239493941222  0.53232521080273054  0.54213123751892089  0.55206003697792849
  0.56209232410476295  0.57268434330824391  0.58379531143810459  0.59498971775437948
  0.60605441825203421  0.61701864197305833  0.62804290185153933  0.63929617571168273
  0.65114900756104710  0.66327426344715423  0.67433183020892862  0.68428277586270669
  0.69413588938814652  0.70374691547764501  0.71306274058928143  0.72266514124812653
  0.73309676183154215  0.74470681193711719  0.75582807801324892  0.76543642126272238
  0.77515162329663734  0.78466613962081322  0.79455805384208933  0.80431633858817331
  0.81412907935764733  0.82451647183318688  0.83445056061042822  0.84360356395200731
  0.85277354270512706  0.86183961808047993  0.87125885693788974  0.88016600796850319
  0.88917300004110289  0.89837474308661791  0.90890017695592351  0.91870910701502029
  0.92751074157259450  0.93620196989704785  0.94494017930359020  0.95385162464605378
  0.96208092941511325  0.96674045111222451  0.96818274372532798  1.00000000000000000
 -0.00009981341126414  0.00092779215512985  0.00205152683416520  0.00373173324115852
  0.00592186081113381  0.00849929228177291  0.01144646252399919  0.01482957567269393
  0.01868586397526362  0.02297727337679973  0.02794268920719524  0.03288779172339171
  0.03808865913637162  0.04377255707901807  0.04955507929552403  0.05541834238082294
  0.06144838473186456  0.06765592894534664  0.07419117875346090  0.08125769526643253
  0.08903665296193031  0.09719701834904206  0.10552859229928778  0.11365111259229464
  0.12184205028964183  0.13041704775769461  0.13923424024357844  0.14807065524469071
  0.15726170857735386  0.16631174979408203  0.17566851216853563  0.18531913671918362
  0.19463896268945277  0.20348043531371482  0.21260628835539022  0.22232311447722672
  0.23251300775369435  0.24294757225691307  0.25358766563973001  0.26430587561469104
  0.27491066396850233  0.28546403969573142  0.29632130026376841  0.30741247506573866
  0.31799071841241922  0.32904352278341448  0.33999151696816043  0.35170838320409814
  0.36373351164475565  0.37602041531055913  0.38848935348306896  0.40149369767786752
  0.41494569145875909  0.42851757817321828  0.44180642923148444  0.45436230400281657
  0.46654020272634794  0.47891135500890830  0.49147912156264140  0.50396382491841452
  0.51591438422549096  0.52808371949051081  0.54023235155113292  0.55227920610987435
  0.56575350641992506  0.57961596930643522  0.59391208050641175  0.60770570215306818
  0.62102251490058302  0.63419639928683791  0.64756837598108663  0.66050922431797243
  0.67313022836743974  0.68536478984947757  0.69744935664321694  0.70983382408334494
  0.72291577935993934  0.73635666510102826  0.74941579868780128  0.76226542494869420
  0.77518291356220492  0.78866184891544233  0.80334424305148144  0.81821058475420683
  0.83298529667879906  0.84796647015833482  0.86445523087142073  0.88070335219622198
  0.89663678237532130  0.91205407862858612  0.92633364698510667  0.94100844595577038
  0.95601434168134702  0.97101330714301148  0.98567178767548225  1.00000000000000000
 -0.00193736518869132  0.00868496094624526  0.01810494046347954  0.02810071820775302
  0.03885175996778826  0.04937199402811847  0.05975915721600238  0.07036082336955772
  0.08033690613414561  0.09014312383195923  0.10030046841420695  0.11049875878825899
  0.12186223033948165  0.13239098893292126  0.14320086062804446  0.15386833379953763
  0.16432163836780350  0.17452276203440262  0.18444191313596114  0.19473761528028830
  0.20522154086853397  0.21669883169153786  0.22850521650831879  0.24029838939364892
  0.25187046676625929  0.26288229570171634  0.27359148361393770  0.28368789845165615
  0.29372023755588617  0.30373621557906588  0.31470164885563823  0.32663591956462101
  0.33923034537128716  0.35126124522406110  0.36245302702437660  0.37300290263338870
  0.38319198285118455  0.39313778734251165  0.40344161096945791  0.41429172841074646
  0.42660424940597202  0.43944737829194702  0.45175640369283582  0.46345093913616769
  0.47467009503043639  0.48552356824769483  0.49636002161816223  0.50729803743794244
  0.51799453531960271  0.52838860608204241  0.53844111590087251  0.54846207790395107
  0.55821967021646546  0.56797078822817715  0.57808292631627045  0.58863057120593798
  0.59913744215442244  0.60969554913619972  0.62000875333709549  0.62972509953009881
  0.63893284165718767  0.64847560342250676  0.65857610664614941  0.66900695767650609
  0.67922314799868022  0.68932290199752022  0.69933924830394756  0.70916622151031983
  0.71863483492822278  0.72846865085886792  0.73844780548571165  0.74874049586841629
  0.75988415191147440  0.77091682237007908  0.78229344361178210  0.79352227900676275
  0.80347001801915974  0.81450277402643578  0.82410924054512502  0.83354261585087497
  0.84233390535493990  0.85139864409366584  0.86112985271298048  0.87120717222740063
  0.88158395136235668  0.89145326561039751  0.90142352846871110  0.91165662543812143
  0.92253986700412216  0.93432524351157020  0.94603170871237041  0.95848081142523489
  0.96846178573855946  0.97901210040431341  0.98885989465792357  1.00000000000000000
 -0.00166271518987429  0.00961511132108416  0.01963217058112621  0.03006286496871537
  0.04140989179395162  0.05320137845405463  0.06428849772557894  0.07423403424221572
  0.08403187780468892  0.09350909559373888  0.10330269467976425  0.11264173007329101
  0.12220103479405584  0.13207225846268697  0.14188159229630795  0.15193228354761473
  0.16251120119214349  0.17411339269817769  0.18641062841181186  0.19839317353312291
  0.20983428471901797  0.22066800635918984  0.23079207912848840  0.24044850158460290
  0.24988063455167783  0.25923941207727841  0.26837162190891350  0.27720445826831835
  0.28612708874012321  0.29537422306792654  0.30461884545644724  0.31380324576619262
  0.32302524334794708  0.33265430147977743  0.34302115129942012  0.35345856436537781
  0.36406127443724073  0.37462935552526555  0.38495635270659750  0.39522649359186091
  0.40524521336579050  0.41536817220214972  0.42570541210799651  0.43636147855242474
  0.44748985738412816  0.45914616589817364  0.47096578834794722  0.48326234008006003
  0.49556038054536000  0.50775426228201570  0.51993595204807730  0.53187674577751476
  0.54347650258927960  0.55470035746954427  0.56551904965425304  0.57606992516778677
  0.58669187480783436  0.59757322013919734  0.60834926304802528  0.61899930974986417
  0.62932172478510617  0.63957231754392962  0.65008473501338071  0.66065562092067198
  0.67141797830939365  0.68279048691061928  0.69317904677505449  0.70338745677593706
  0.71389424500620657  0.72520719102885001  0.73492074768859195  0.74459336313753455
  0.75412317254840489  0.76304956582312433  0.77176093962301207  0.78067816971627435
  0.79050995125245760  0.80094219765942665  0.81118762854779902  0.82126745249798760
  0.83104498285206085  0.84101111284162344  0.85136969545765395  0.86216098626524840
  0.87306013169728902  0.88368927533921782  0.89393865902480873  0.90421858991219117
  0.91482524257993125  0.92552053240709964  0.93652292823359717  0.94838360798385857
  0.96055354273647775  0.97281566236158090  0.98602049095140887  1.00000000000000000
 -0.00233326210483674  0.01139846541785307  0.02270048780068239  0.03430608263654892
  0.04502461227884061  0.05540726940681028  0.06613437335038143  0.07770792021156102
  0.08949314282753452  0.10086475654780108  0.11153101842013073  0.12222141576860618
  0.13380096970415487  0.14620116069919778  0.15779123496806294  0.16879815843264384
  0.17904589049779501  0.18894557126075659  0.19904830705361004  0.20911672432228670
  0.21939009447372379  0.22943977495926079  0.24079041135737647  0.25240253058455064
  0.26395832298104777  0.27543772585077192  0.28771417497119672  0.29893034055260609
  0.30966251607979806  0.32051823608983898  0.33189571301852028  0.34329783222199967
  0.35503470387159347  0.36689355987918709  0.37758968024119272  0.38716870591772129
  0.39673868799654533  0.40674580683525341  0.41694832803674359  0.42729319900966922
  0.43734589784373273  0.44836826470182511  0.46005765468835963  0.47346235290174643
  0.48620961742868479  0.49778515618963376  0.50904889952253440  0.51992695078401596
  0.53035020166952862  0.54087322538244464  0.55210562419421549  0.56370236425422571
  0.57474709362763465  0.58553751946422272  0.59638960211735981  0.60705032328377939
  0.61750268506409878  0.62799187829920033  0.63876378474846596  0.64973392756213633
  0.66073179670382221  0.67213887292071217  0.68362853148972569  0.69421817408965503
  0.70409255878656773  0.71395539507590100  0.72382888562402392  0.73354078662034905
  0.74309508728233731  0.75311301781438444  0.76400002712928616  0.77418987136422168
  0.78402018260665030  0.79385098571965407  0.80417035816252214  0.81480362370227088
  0.82472252825914705  0.83428798227726353  0.84309296534782063  0.85149930439855714
  0.85975543837743751  0.86827253858638254  0.87710354172878013  0.88598458575542705
  0.89495391679331748  0.90449144137945836  0.91391743610399423  0.92374047184706376
  0.93368658925049886  0.94305177305668475  0.95254549715798409  0.96227955175720448
  0.97242569119365252  0.98202176508635985  0.99112522612368981  1.00000000000000000
 -0.00063931426521688  0.00890190141192663  0.01513531252113505  0.02035016909107062
  0.02503754215074038  0.02940914245532544  0.03358691288043445  0.03745676164913214
  0.04115379677136701  0.04462458774661065  0.04810551380009392  0.05166882800936332
  0.05514176409913647  0.05852938679283622  0.06182164525103854  0.06509907025548479
  0.06840059630807457  0.07173334307541468  0.07507939219486554  0.07841170464126808
  0.08171974359524926  0.08504216463811358  0.08843576378973642  0.09177555537365761
  0.09514663202104778  0.09845199473113221  0.10182628407171618  0.10540217721226694
  0.10909429380561828  0.11273816603800225  0.11631363151891008  0.11993565099302830
  0.12362465445312880  0.12723618561363384  0.13076761953270188  0.13420684894351745
  0.13757485188864049  0.14093824523501869  0.14428521575110664  0.14777230816004097
  0.15147329616603961  0.15544351103606113  0.15963012007280974  0.16380162720105265
  0.16778623798608600  0.17156090772012750  0.17523173463867531  0.17894903126998046
  0.18275377287426056  0.18667728715559098  0.19087951380230808  0.19520835737587566
  0.19953686562599268  0.20396294529845815  0.20853070361330431  0.21336204668668421
  0.21833370511597480  0.22337855303772719  0.22852302998796167  0.23368555332728683
  0.23893719944452704  0.24415046043423153  0.24938938047775916  0.25462086514803589
  0.25981736994133214  0.26514392979498302  0.27053663963072561  0.27631476341722094
  0.28222416837315467  0.28846912897977162  0.29546772828105383  0.30336619471234710
  0.31120971912345069  0.31945254572285808  0.32826684646842375  0.33740787654970361
  0.34672981815617487  0.35670435978787068  0.36678808216369346  0.37761314511145433
  0.38894482954407367  0.40121465585197069  0.41511015695402553  0.43068039449430373
  0.44830451531920645  0.46811305455971458  0.49258001005390523  0.52020907566198327
  0.54993750450360968  0.59147103855868133  0.64763233701256406  0.71914059161752308
  0.77901369492619599  0.82001668631108715  0.89055885155927161  1.00000000000000000
 -0.01577683814210126  0.10693473723709311  0.14609104152323749  0.16807915254122605
  0.18553220972817694  0.20015853967707109  0.21316997087571748  0.22553354047635329
  0.23703493858806327  0.24820668994085840  0.25798835430541645  0.26697503135606926
  0.27532728659946881  0.28357363886092535  0.29197526899962539  0.30037379796294816
  0.30843006404845180  0.31655842409239371  0.32426771316764402  0.33165941464831750
  0.33847291277185138  0.34518075600805148  0.35195569248299324  0.35892020199204483
  0.36595035434812867  0.37296375226606920  0.37965304619492363  0.38585661078906941
  0.39196207488193713  0.39798529590078247  0.40423704144757289  0.41042068770019280
  0.41625368677530272  0.42182393439163329  0.42738832105925961  0.43306893465482432
  0.43889511586031638  0.44457841101302081  0.45025589886167422  0.45578367889161597
  0.46140508843479300  0.46714504955637143  0.47290245308266077  0.47843237707622260
  0.48342213710884452  0.48838251549786044  0.49338241574777281  0.49855249708488941
  0.50405211422359963  0.50932172084841365  0.51465324941041757  0.51994380006814156
  0.52514253625893315  0.53021951426668579  0.53519456674587318  0.54032541888392338
  0.54558575085209104  0.55091532460862802  0.55623563609385196  0.56177784433048761
  0.56758267001160967  0.57361893651986628  0.57983929493469710  0.58616974123572907
  0.59266943285125739  0.59896900553351806  0.60529395598040037  0.61150742949190451
  0.61798795454519961  0.62459928909685436  0.63128392579620218  0.63792536647913278
  0.64446130365411713  0.65088439845434964  0.65745036076020991  0.66425224730014931
  0.67101881563994425  0.67769013501696573  0.68438948663337995  0.69126685824465006
  0.69831898536026504  0.70571317188308291  0.71385077501714134  0.72218798010113971
  0.73067291277471902  0.73947435038688858  0.74860583787210566  0.75892169034610757
  0.77014303184623256  0.78193345545464754  0.79584912597783808  0.81125953551628072
  0.82989502364973244  0.85380788900601556  0.89400578257579399  1.00000000000000000
   7.7654111641300005E-010   1.2849668571400001E-005
  <DiscreteSampler_grid>
  Helicity
  1 # 1 for a reference and 2 for a running grid.
  80 # Attribute 'min_bin_probing_points' of the grid.
  1 # Attribute 'grid_mode' of the grid. 1=='default',2=='initialization'
  0.0300000000000000 # Attribute 'small_contrib_threshold' of the grid.
  0.3330000000000000 # Attribute 'damping_power' of the grid.
 # binID   n_entries weight   weight_sqr   abs_weight
    1   4414   3.470865911331263E-009   1.802973713465278E-016   3.470865911331263E-009
    2   117   2.644122914573471E-011   1.831806545376312E-020   2.644122914573471E-011
    3   110   1.175427671466382E-011   2.261853396871634E-021   1.175427671466382E-011
    4   4181   3.398418665428762E-009   1.733147053494040E-016   3.398418665428762E-009
  </DiscreteSampler_grid>
  <DiscreteSampler_grid>
  grouped_processes
  1 # 1 for a reference and 2 for a running grid.
  10 # Attribute 'min_bin_probing_points' of the grid.
  1 # Attribute 'grid_mode' of the grid. 1=='default',2=='initialization'
  0.0300000000000000 # Attribute 'small_contrib_threshold' of the grid.
  0.3330000000000000 # Attribute 'damping_power' of the grid.
 # binID   n_entries weight   weight_sqr   abs_weight
    16   10   1.902880872530000E+001   8.846034343650001E+002   1.902880872530000E+001
    22   10   1.902880872530000E+001   8.846034343650001E+002   1.902880872530000E+001
    10   10   1.902880872530000E+001   8.846034343650001E+002   1.902880872530000E+001
  </DiscreteSampler_grid>
