  0.00032718956960743  0.00039148672776754  0.00042528528584201  0.00044772215619642
  0.00046439943120327  0.00048054591681222  0.00049882319698994  0.00051651537630781
  0.00053395798961428  0.00055057826744005  0.00056478635691227  0.00057752613924275
  0.00058955477671096  0.00060238560614909  0.00061469663693890  0.00062749822308491
  0.00063868799910622  0.00065007769789233  0.00066365462045322  0.00068029089681274
  0.00069582141250041  0.00071077814558979  0.00072429896481297  0.00073667238856953
  0.00074937354847141  0.00076291713490359  0.00077836358577311  0.00079485286300973
  0.00081418075602965  0.00083295809846389  0.00084791206617631  0.00086133789553975
  0.00087589222848659  0.00089042669567059  0.00090385897055413  0.00091587091066785
  0.00092766560873738  0.00094024054844848  0.00104026931704889  0.00135365051112140
  0.00138690903259772  0.00141183321816046  0.00143776261284213  0.00146292601647598
  0.00148083725449001  0.00149494278265304  0.00151105675426087  0.00154145204808158
  0.00162202817739509  0.00171744385981281  0.00180820427333406  0.00190223677585573
  0.00200666847213967  0.00209814375145145  0.00212755488313854  0.00214262450392839
  0.00216019881241035  0.00217864357441586  0.00219630594072591  0.00221512006772252
  0.00224645060895072  0.00227166928837834  0.00229432937400049  0.00231598140024285
  0.00233897954871206  0.00235838628164844  0.00237498067941177  0.00239065557066570
  0.00240624072802673  0.00242404888456104  0.00245395945541838  0.00249143906701324
  0.00253993502273531  0.00261803751252972  0.00269905873772036  0.00278007996291101
  0.00286110118810165  0.00293925300180157  0.00300960507331747  0.00307995714483336
  0.00315030921634926  0.00322066128786516  0.00326942693516707  0.00331787249412501
  0.00336631805308294  0.00341476361204088  0.00360635468305077  0.00387491816854762
  0.00404678704868737  0.00457943102771015  0.00570550197536383  0.00644441320768754
  0.00735077923376095  0.00877583769225613  0.00991522281168751  1.00000000000000000
 -0.00009527670013239  0.00104088945516158  0.00242819759026455  0.00438311332849687
  0.00645622419605176  0.00995263988049144  0.01471977782825045  0.01963236831995340
  0.02439735142069322  0.02997400680017119  0.03478753897254713  0.04088794394340315
  0.05004376862299748  0.05958303619862661  0.06769945189165115  0.07559656296569743
  0.08510515441884579  0.09353595797563777  0.10076713024966624  0.10876531518636071
  0.11800484111278291  0.12763072522279284  0.13653162096701579  0.14649670442151891
  0.15600381107465203  0.16639640233486935  0.17624401914652293  0.18568362125216620
  0.19605572130878932  0.20549643967375822  0.21442169525799695  0.22282317822061487
  0.23158331362612183  0.24266917339232225  0.25358835025318527  0.26389566525734048
  0.27333276856431027  0.28272118873961216  0.29267421303196040  0.30382576349399582
  0.31311440706237970  0.31824069995204191  0.32363559472584824  0.32868967397396121
  0.33311856127408551  0.33746761343650872  0.34217192660514584  0.34753800382263511
  0.35326989761674921  0.35862999484696290  0.36358198388092666  0.36804207069406430
  0.38506983376207321  0.40138547728887386  0.41595767046569859  0.42975529319584616
  0.44440019476497211  0.45835260505002262  0.47435912543060410  0.49126526777702656
  0.50675116459221226  0.52050057228480562  0.53319792444032965  0.54633847679365366
  0.55998837905269228  0.56720975249937688  0.57415892026841764  0.58106578495039041
  0.58786297025008660  0.59509765105709655  0.60361851790686183  0.61196990634300674
  0.61953222656853590  0.62668514545698339  0.63383806434543088  0.64273916329487890
  0.65164326630671832  0.66014453068934875  0.66834554862897011  0.67719238240330981
  0.69027465306564784  0.70360224646391412  0.71696685139667671  0.73000084574673885
  0.74550081634606447  0.76193908195884863  0.77890457966829008  0.80656245258484938
  0.83351045846117144  0.85902067822940964  0.88196499536647510  0.90479010534300219
  0.92838244439429718  0.95222270100282602  0.97609937607987352  1.00000000000000000
 -0.00273706656113930  0.01286091576173497  0.01907111098863264  0.02581447053927155
  0.03213658092851525  0.03707862686298657  0.04136596011971713  0.04867729506064689
  0.05817392643638267  0.06906965372415454  0.08038975981734105  0.08936613614541794
  0.09757344262810128  0.10676520529824245  0.11804120888055041  0.13028288021712084
  0.14154542481790630  0.15409799940333094  0.16816454146751370  0.18781333997818020
  0.20771544065328609  0.22372230475062044  0.23792663273946413  0.25175640699515600
  0.26498593933047671  0.27825074633927022  0.28797164267999681  0.29785329741151667
  0.30676705255325293  0.31640379880773517  0.32715320131650560  0.33911258661481658
  0.35264533736489884  0.36661042333036986  0.37728675901519459  0.38792291075672680
  0.39992406187369878  0.41428275289324445  0.42976204414220537  0.44494696670086148
  0.45857399185465392  0.47118496958863049  0.48534716942376011  0.50198659086572794
  0.52044542012074391  0.53629969405779099  0.55137711468719031  0.56387529291579297
  0.57452946721635634  0.58504683677816849  0.59687318315635474  0.61062896217477980
  0.62482896069445026  0.63666780455245586  0.64645645353359449  0.65589067951284441
  0.66689429626881203  0.67975308192637418  0.69189003309662178  0.70342303684265906
  0.71559312027234301  0.72823413601429843  0.74105955431349502  0.75182541100276701
  0.76195658076756312  0.77330767215051388  0.78725211835281139  0.80174127612148571
  0.81051379601012274  0.81962749511304889  0.82617864131201546  0.83073228133901289
  0.83542565485693387  0.84185089258493506  0.84827613031293625  0.85519581720299920
  0.86230469663279030  0.87186790390266700  0.88607113382854974  0.89894818454623004
  0.91032340170254733  0.91908269001107479  0.92709758995001879  0.93539214067207277
  0.94617667920396997  0.95228999838091832  0.95497705482759154  0.95766040381907025
  0.96041080553900215  0.96283837165628028  0.96494622810291486  0.96721306187417999
  0.96971628139977650  0.97726636920951748  0.98880860579192154  1.00000000000000000
 -0.00370898324387993  0.01559514958255651  0.03176682519745135  0.04679254468900557
  0.05936496356979314  0.07198869315011529  0.08462709164754420  0.09278404130753831
  0.09933756276451296  0.10659132009246872  0.11405220292555487  0.12064433821690326
  0.12700573221805841  0.13793896681484633  0.14216265606976039  0.14571774815429095
  0.14983456962298000  0.15398599634280155  0.15689344299621064  0.15873204773012645
  0.16057274460388515  0.16252041831290390  0.16526155981535437  0.16969199873341051
  0.17396402574067579  0.17991906158286633  0.18671082060419578  0.19456327732734377
  0.20558991412651187  0.21361987197356100  0.22092939198364561  0.23548841959121616
  0.24959506475029866  0.26440946908835722  0.27799356538240327  0.29088576597026383
  0.30206512120870177  0.31152038668011611  0.32031038161529946  0.32960597343364439
  0.33885648586707839  0.34834855931497055  0.35748264346329950  0.36786818535836829
  0.37875858154375980  0.38709250041318577  0.39448752945050092  0.40218901278276914
  0.41010142691207307  0.42122595609523467  0.43500920597846332  0.45022748944650698
  0.46453263156799529  0.47662486497017675  0.48744310255684870  0.49972732213686943
  0.51490758150284099  0.52880442584720799  0.54128147601998244  0.55295431366258863
  0.56285010035061489  0.57322624233784880  0.58270409029010128  0.59219744928744456
  0.60443351857274064  0.61776730923978962  0.62787477222016119  0.63796291703078967
  0.64867319487678898  0.66226999539513998  0.67554649528446697  0.68968829360857042
  0.70499146727364914  0.71247941534912196  0.72002299595615704  0.72797704668867580
  0.73815616967609576  0.74779675156004621  0.75680338263833824  0.76533910519280257
  0.77425073910624231  0.78519937469757040  0.79804546273506660  0.81131728969319172
  0.82493923764011079  0.83901619785385650  0.85148933930106385  0.86809555677900985
  0.88693754930266244  0.90510576013732114  0.92097329025768682  0.93571240278621359
  0.95043395627878080  0.96645104158620498  0.98311051263697002  1.00000000000000000
 -0.00283328814801464  0.00996886065659082  0.02110474330588694  0.03219207152929775
  0.04302939867893646  0.05412597731374186  0.06598005601893907  0.08088423127131042
  0.09628582473652317  0.10927908944448239  0.12213771526988829  0.13633701166607448
  0.15000286919576217  0.16343204876040410  0.17775441129899236  0.19081308957461232
  0.20362858484475563  0.21715557493139639  0.22872579812885713  0.23882201690127719
  0.24651653574157564  0.25162138747331669  0.25313986298761465  0.25393194271725816
  0.25472406632325711  0.25551628502580742  0.25630850372835767  0.25710154914167083
  0.25789461734644820  0.25965021280450962  0.26194195894105327  0.26365133875295682
  0.26553214363521666  0.26742087200081799  0.27062681032761604  0.27387207970389871
  0.27703357197855616  0.28147217248892231  0.29201958898787617  0.30538145715626297
  0.31678625356854262  0.32843192044181563  0.34081109997970249  0.35525010535547125
  0.37206391873584899  0.38699574382298169  0.39847569182032450  0.40844557731846948
  0.41510925272305482  0.42114133568973855  0.42802766748135324  0.43555322770868143
  0.44251914047621427  0.45081622132655447  0.46333327204217828  0.47814290689233446
  0.49272522773213057  0.50495062239706812  0.51584313528352777  0.52606531819218771
  0.53754705903599953  0.55000163764538701  0.56348591857371200  0.57708263572710694
  0.59170542528205461  0.60258265917657516  0.61171633182707519  0.61969374030479074
  0.63074829992979053  0.64172841539593739  0.65337343269174852  0.66690517046799447
  0.68411293321767164  0.70160585936988062  0.71852804341250165  0.73550785361932614
  0.75146815837255532  0.76794946626257077  0.78297581002052141  0.79932315562058043
  0.81283349651888270  0.82478645749220081  0.83647805810864284  0.84683646750844277
  0.85901771257335491  0.87126876366080630  0.88321901003404757  0.89523917724976043
  0.90594097948959829  0.91752898831225427  0.93073337348514629  0.94654779163141056
  0.96291865038861035  0.97777044711408934  0.98885193515977199  1.00000000000000000
 -0.01432888651984064  0.12957772795435279  0.19266858007524204  0.41521145413073474
  0.43271573356783927  0.44216200355858659  0.45172592628192809  0.45979052116027996
  0.46700939698117416  0.47370224683114143  0.48129567458153788  0.48787417924367904
  0.49481069066499073  0.50105414049681574  0.50719693802848964  0.51332835572462665
  0.51922054184368271  0.52487918531410771  0.53052420777341236  0.53622832290028788
  0.54133709497203975  0.54548791208427916  0.54918214655350073  0.55289622067125532
  0.55675396038765224  0.56119704260664394  0.56505387777612104  0.56891582253996142
  0.57204481442610944  0.57521003464567744  0.57911053170050053  0.58281053673427274
  0.58657792089581506  0.59031036172495677  0.59401415550306413  0.59824892750856806
  0.60299930308840144  0.60785983781511777  0.61285873684758885  0.61825797688501893
  0.62441394340483569  0.63118326803880420  0.63591490998844169  0.64001666200302787
  0.64442525357445246  0.64963362640973354  0.65683665291177729  0.66446329246526448
  0.67155457719264222  0.67745280541470332  0.68288812336284022  0.68856112826473859
  0.69616068262363617  0.70426587347924408  0.70922873997030622  0.71247662062504291
  0.71539548601563896  0.71884535430103202  0.72067055975901773  0.72255245894886877
  0.72446718094458207  0.72639193090429910  0.73014942720368692  0.73685531502322521
  0.74526494944974353  0.75478063029875297  0.76439499331689931  0.77226871758217375
  0.78006455240940897  0.78959283047278128  0.79801856645890223  0.80201590064109018
  0.80425671724736991  0.80681624523512085  0.80940051808905555  0.81197748574837636
  0.81459544112141080  0.81721089687760584  0.82008280845631176  0.82300227558528349
  0.82621592667154764  0.82969002290879124  0.83244826539714700  0.83608155449992183
  0.84676087346528772  0.86181639351820138  0.88108876694311600  0.90059845251458981
  0.90860811953048426  0.91596405903314537  0.92285058278095766  0.92963965487595335
  0.93631122446487958  0.94293985349338860  0.95706782117452738  1.00000000000000000
 -0.01597335414616122  0.11447253571958467  0.15651080269554235  0.18181890755814889
  0.20060453163884798  0.21492446273798488  0.22662249026757489  0.23891198750822171
  0.25133628463035346  0.26268624262417478  0.27335292424824581  0.28440302894583114
  0.29604400473456360  0.30544322014420194  0.31314638618670110  0.32009062799692911
  0.32640235191921235  0.33317198825649857  0.34063849679427377  0.34989097106866029
  0.35872984758547571  0.36576835688086828  0.37261943128559460  0.38077195152967919
  0.38849011695839170  0.39595782442772026  0.40431728775531572  0.41335440428588704
  0.42248100597550264  0.43151413914967202  0.43839146344494079  0.44429811147110687
  0.44929315802458131  0.45323636663178940  0.45773985941304385  0.46318011666351161
  0.46878283138584509  0.47603387739381026  0.48325457518555354  0.48796429962514759
  0.49219033131377149  0.49587387875183564  0.49974864659153911  0.50242753762584691
  0.50407270320183106  0.50600995260626058  0.50797707546949522  0.50993781820202744
  0.51195899309839765  0.51410917214451091  0.51627107194966027  0.51849552955722711
  0.52085533350448632  0.52306852878725041  0.53108586704010252  0.53919668896561390
  0.54540774413152304  0.55187496440687522  0.55822577840626486  0.56408216711466641
  0.57006738502235543  0.57477429659789447  0.57734583090247504  0.57894964379764102
  0.58052265009204673  0.58206268776452319  0.58349418015116206  0.58467884998295394
  0.58607241382213759  0.58887163736572978  0.59232297677500645  0.59699127266557883
  0.60565126578618000  0.61330711328661014  0.62044542370136935  0.62802176523512443
  0.63579444438555144  0.64380572353989185  0.65213932278922182  0.66132942161222918
  0.67194513512872833  0.68282960318496289  0.69424625261733452  0.70524497281669940
  0.71670899841293578  0.72960720501400267  0.74346873218887333  0.75796709993891553
  0.77177104783254558  0.78563011820167705  0.80235984606152999  0.82004706261613292
  0.83698877957876183  0.85717397811153895  0.88720248724719841  1.00000000000000000
   1.0945222981200000E-010   6.7945549999999999E-005
  <DiscreteSampler_grid>
  Helicity
  1 # 1 for a reference and 2 for a running grid.
  80 # Attribute 'min_bin_probing_points' of the grid.
  1 # Attribute 'grid_mode' of the grid. 1=='default',2=='initialization'
  0.0300000000000000 # Attribute 'small_contrib_threshold' of the grid.
  0.3330000000000000 # Attribute 'damping_power' of the grid.
 # binID   n_entries weight   weight_sqr   abs_weight
    1   3079   4.492643089831456E-011   5.106653317836207E-020   4.492643089831456E-011
    2   356   3.334152226556701E-011   5.633849811435828E-020   3.334152226556701E-011
    3   1600   4.011501932744832E-011   1.525569579115351E-019   4.011501932744832E-011
    4   3787   4.980866763902835E-011   1.301104605154593E-019   4.980866763902835E-011
  </DiscreteSampler_grid>
  <DiscreteSampler_grid>
  grouped_processes
  1 # 1 for a reference and 2 for a running grid.
  10 # Attribute 'min_bin_probing_points' of the grid.
  1 # Attribute 'grid_mode' of the grid. 1=='default',2=='initialization'
  0.0300000000000000 # Attribute 'small_contrib_threshold' of the grid.
  0.3330000000000000 # Attribute 'damping_power' of the grid.
 # binID   n_entries weight   weight_sqr   abs_weight
    16   10   7.911446078360000E-005   1.785754490470000E-008   7.911446078360000E-005
    22   10   7.911446078360000E-005   1.785754490470000E-008   7.911446078360000E-005
    10   10   7.911446078360000E-005   1.785754490470000E-008   7.911446078360000E-005
  </DiscreteSampler_grid>
