  0.02689368235464456  0.03195550866195615  0.03550158342016489  0.03916930584036694
  0.04353381305206910  0.04862606132654970  0.05423948037134281  0.05983232509387593
  0.06566358199017729  0.07172883120007716  0.07799460813258252  0.08459605746265404
  0.09167868434633988  0.09870751289921201  0.10561712181421140  0.11242283903213257
  0.11944533168467725  0.12673155408511438  0.13395138519069871  0.14066720251439679
  0.14674799083244772  0.15297415659722782  0.15921560337494958  0.16640164916332031
  0.17541217015209476  0.18487949567070347  0.19344988746350866  0.20161291427013892
  0.20893710268840571  0.21643590457812809  0.22384791639206875  0.23192659220780565
  0.24094918424546447  0.25011782534161792  0.25942064983549179  0.26883958375091060
  0.27862658016781655  0.28846205613571296  0.29831410494366689  0.30763272985046092
  0.31701948438328098  0.32663957112364961  0.33725428553128617  0.34800225045221506
  0.35825778516102563  0.36827688292782756  0.37875891869455591  0.38972040022097615
  0.40106286113805328  0.41232601046286216  0.42307301824366317  0.43311565722459888
  0.44308211260469582  0.45315875205602602  0.46370860322417085  0.47482633921834316
  0.48588422566563588  0.49720894273027982  0.50859185070333168  0.52096417965637154
  0.53086921132187392  0.53813704681885266  0.54593377635294260  0.55397330623599805
  0.56424293339236764  0.57602234945554087  0.58798735465081253  0.60053908111725873
  0.61271855096713124  0.62365213381881879  0.63532704070139889  0.64775992003183180
  0.66078091310760279  0.67470262737575704  0.68908440931652237  0.70463806975423793
  0.72048963652500397  0.73494648603860513  0.74893521102783223  0.76320085843264251
  0.77785353362298626  0.79127764752633567  0.80640821812726238  0.82520856379414464
  0.84701985639969501  0.86698002325279055  0.88649390099609848  0.90304750646044762
  0.91900694629398205  0.93523152705444879  0.94746344894522927  0.95719698594727742
  0.96490152123406292  0.96749375267380466  0.96933901581896986  1.00000000000000000
 -0.00021471898712536  0.00162839715818544  0.00318718251609881  0.00520335646173728
  0.00751940594307511  0.01012427952830685  0.01329392018647146  0.01689823671234619
  0.02087785832779848  0.02539142325485758  0.03026762667080856  0.03524926898956619
  0.04107014489024081  0.04685138709283777  0.05256523361078116  0.05820529455927482
  0.06405580967029903  0.07064358916795059  0.07786970937812057  0.08565345379115807
  0.09398718605340058  0.10227622932246083  0.11044135750536359  0.11889188864770148
  0.12790707752616795  0.13726347241397421  0.14683169888948247  0.15614959361145134
  0.16468563336360023  0.17395447873445516  0.18308230176154447  0.19273192301489186
  0.20232515349024832  0.21155192013990101  0.22081208975817346  0.22977892349745838
  0.23812735901945548  0.24636966229858931  0.25462923777133234  0.26308337585760005
  0.27255372151008733  0.28200605388868444  0.29165728230642751  0.30181493395024839
  0.31264995063831214  0.32415401934767768  0.33486149079439642  0.34599465476596875
  0.35763768653241951  0.37006522146616078  0.38292729298926353  0.39536178868213989
  0.40760056699298947  0.41998170808443241  0.43309163871535061  0.44675656911349954
  0.46015523187362117  0.47303663894576348  0.48581030784933216  0.49855266500332324
  0.51073673601633895  0.52408344546929331  0.53708036491367395  0.55018906070894857
  0.56173399380824907  0.57182840885758757  0.58105006317517416  0.59028902192829957
  0.59963645503374874  0.60884333551986325  0.61802639525699865  0.62828900720582681
  0.64096173266038003  0.65464143478931947  0.66784824883223382  0.68033626011579573
  0.69325825275803021  0.70712255243120026  0.72098363329588033  0.73344008861034249
  0.74571313056273436  0.75763463120777930  0.76954296171486336  0.78367523112015680
  0.79906928820838485  0.81462508229823083  0.83033002722054750  0.84575485141896689
  0.86196544402341224  0.88012686834040044  0.89884062077837090  0.91706196880876700
  0.93677994400623543  0.95715460924556051  0.97793871805019672  1.00000000000000000
 -0.00229696420978665  0.01000083683374846  0.02054441226039853  0.03082238974146333
  0.04113718140312105  0.05099254358364824  0.06110490509339332  0.07062008383692669
  0.07993992335716713  0.08912166784198006  0.09785090281516139  0.10720688672258534
  0.11692434077857264  0.12753237794380273  0.13785586309003556  0.14872550013090793
  0.16120838429523238  0.17327654963207600  0.18486817917542611  0.19829476775521027
  0.21085597242120946  0.22285648931862134  0.23433000513294694  0.24621202116659199
  0.25683152494111672  0.26666754874666854  0.27516984854570031  0.28413299492231248
  0.29397974648301939  0.30546695811174918  0.31845023721123222  0.32985464518334051
  0.34006884287497335  0.35013133189529655  0.36072427026926013  0.37310437144706504
  0.38673961401649370  0.39936864387873078  0.41044547550517557  0.42085940999538901
  0.43121879257093104  0.44211318264135829  0.45376916486382579  0.46583642117370533
  0.47736282259639867  0.48708247603677463  0.49622626519686219  0.50531048409131651
  0.51494530341098987  0.52560742803955696  0.53481787521486390  0.54322459133869616
  0.55115551879223390  0.55936410219360255  0.56923403797149275  0.58155304271237118
  0.59314012887098189  0.60527524754298390  0.61859560844211492  0.62939589052347444
  0.63860833840989617  0.64910716621490583  0.65958578689678271  0.66953457766116931
  0.67871613884491933  0.68835828921937747  0.69870698235935291  0.70935808124171129
  0.72055561751725317  0.73166918440482076  0.74135049159800681  0.75089905437741833
  0.76066240509025806  0.77119962282186794  0.78144866085993747  0.79140729357223494
  0.80139060080928071  0.81152463587559309  0.82171921803015202  0.83168764214696045
  0.84184782388452761  0.85231323239442414  0.86334469530730429  0.87268265554056768
  0.88124019834632972  0.89004451095838633  0.89870271647526179  0.90938686202171992
  0.92038644478289566  0.93121657408821301  0.94190686971601711  0.95312963228928560
  0.96439074539455893  0.97624377447959054  0.98788382736735147  1.00000000000000000
 -0.00228564578353057  0.01205319890119494  0.02294831939594628  0.03456287490228582
  0.04609773626436464  0.05826851948050414  0.07061413238879105  0.08263647501144267
  0.09391750828742187  0.10522097773501986  0.11706075772365930  0.12967206448134180
  0.14238950204673276  0.15499084690614565  0.16739664729306303  0.18032992447747004
  0.19266946588286774  0.20385069542498768  0.21470570099667660  0.22581093327730245
  0.23663694594977525  0.24704863854191017  0.25723208717261981  0.26693366868278806
  0.27598487266464411  0.28494823639934252  0.29489374623696069  0.30643475467984016
  0.31890453107419381  0.33159108789462605  0.34401380403460807  0.35537531465671529
  0.36577687067777659  0.37586253568065431  0.38583776115426138  0.39578560444768313
  0.40577368392135843  0.41579099827811833  0.42604231881915744  0.43633430461784689
  0.44628833107184068  0.45598284511835063  0.46594336913263656  0.47646837517030693
  0.48736200735240015  0.49815142812295188  0.50858507958939603  0.51910366270996966
  0.53010462965114469  0.54076900645856063  0.55096504482449860  0.56074012367524928
  0.57079650261698434  0.58090432043082063  0.59026393879081662  0.59921571956900066
  0.60768260226177695  0.61692171161655407  0.62434312108916268  0.63174045244029464
  0.63959291256948592  0.64761264718634337  0.65472336610439408  0.66156214463149754
  0.66856391850146835  0.67580882192678771  0.68341376261364684  0.69474921578962190
  0.70551826725330125  0.71606420278857008  0.72727205474253809  0.73886062382862328
  0.75017053246564191  0.76204589678630785  0.77149364182000546  0.78086623240933495
  0.79087471904583218  0.80029380356772917  0.81024911350065598  0.82008719839811184
  0.82991843758526995  0.83939536055159802  0.84860618711677416  0.85830150102085956
  0.86870661493109647  0.87886306934824798  0.88927818201706377  0.90142797957118148
  0.91508001599757594  0.92838883356390134  0.94082470168173782  0.95318007610482014
  0.96630952602489462  0.97891519115309444  0.98990091244238887  1.00000000000000000
 -0.00223324760210967  0.01083832936434019  0.02185049515988068  0.03479911058659615
  0.04650488109553378  0.05685419720790805  0.06710665976169822  0.07616305552410949
  0.08454771679051758  0.09191582797619174  0.09976595803810612  0.10853658282600209
  0.11775546142886800  0.12739393920401246  0.13638519993509765  0.14529133273389400
  0.15498520585666475  0.16495171290642613  0.17532097609680558  0.18595655209832482
  0.19675764491325021  0.20805082300790823  0.21908230549921290  0.23003134166160749
  0.24084246186935226  0.25121330282444598  0.26013869763613534  0.26803837238224160
  0.27628984326849265  0.28556934982807169  0.29646761534135613  0.30850791171036063
  0.32011307760278501  0.33089899688371516  0.34156358710032564  0.35239869176881400
  0.36350466505177559  0.37473958990067219  0.38529411452960499  0.39520259002701852
  0.40499327026757359  0.41517443367452384  0.42513762666668409  0.43537447023046261
  0.44574255223767123  0.45691454231155948  0.46801032259532832  0.47814415732941673
  0.48623966023087778  0.49475338282222914  0.50265710832319921  0.51138405867208470
  0.52335250587052140  0.53395110510438937  0.54335392419577822  0.55234668558361644
  0.56208400560158978  0.57265902808352842  0.58339496990407425  0.59425040089486203
  0.60558177971663685  0.61742218097854928  0.63005890468553116  0.64125454011656580
  0.65195767188895115  0.66206664696306072  0.67315230416863991  0.68451327036728660
  0.69625971281532251  0.70777671164872713  0.71860110038286773  0.72999801127079178
  0.74225061940488402  0.75462091259256980  0.76650192634526226  0.77866784709495163
  0.79152964737085763  0.80465541871481949  0.81669755514421460  0.82772791491267117
  0.83888943760254397  0.85025255400745370  0.86155715742225214  0.87114326961561017
  0.87960385518898110  0.88775683227276836  0.89650312151450895  0.90693682396854503
  0.91876296188629769  0.93019060587619751  0.94172317798399308  0.95351073764718020
  0.96513045578594847  0.97654224177519222  0.98825818504115881  1.00000000000000000
 -0.00085637996877320  0.04347294816059594  0.07211718555479318  0.09322543233303372
  0.10968672915487845  0.12254564021401823  0.13331090326412928  0.14210782733170024
  0.15001911237156837  0.15723414955154721  0.16431978743667713  0.17129748287654040
  0.17769512363588560  0.18456344329386845  0.19148108777030762  0.19896953991204119
  0.20618413337413954  0.21252108478697174  0.21843442415259215  0.22439130581149658
  0.23060378581866023  0.23722405774875349  0.24402513745839299  0.25025325292555184
  0.25626305020011053  0.26069508376150397  0.26549340703837510  0.27034544634136021
  0.27542111499985050  0.28117310910634202  0.28754348050468420  0.29404161304093068
  0.30030596668900333  0.30634065243734432  0.31228041509583715  0.31831695097023416
  0.32474163888737678  0.33169927569970198  0.33875790621824525  0.34567380316078189
  0.35258897824785529  0.35997491500200074  0.36788444551555544  0.37580621655830992
  0.38265800165864478  0.38878035382395248  0.39495973472210971  0.40052696540651006
  0.40664988202733832  0.41426818884857813  0.42175674963731768  0.42916848205004143
  0.43694488669809434  0.44518169005438601  0.45303757636263159  0.46122211804473834
  0.47069341484687888  0.48048148433324411  0.49118362297351353  0.50237984913054790
  0.51258725969745034  0.52290562304781507  0.53309720007516159  0.54327666459651014
  0.55305881615340979  0.56316686705711849  0.57395242910978139  0.58453291032929378
  0.59411305014787219  0.60292898427722263  0.61092805344817691  0.61963474765952087
  0.62773848745455996  0.63752612006985165  0.64761203708590731  0.65758350963931700
  0.66714696051823164  0.67700289624831556  0.68681450353594276  0.69746896476698383
  0.70784022563422611  0.72022467183435790  0.73365302277729427  0.74937626448969519
  0.76516234908840031  0.78079044146714061  0.79430237397828385  0.80596973328228549
  0.81920256396655255  0.83514127241718328  0.85110961663794704  0.86746828299213230
  0.88560658419509941  0.90832457627701435  0.94032730445176083  1.00000000000000000
 -0.01477143468533910  0.11913148956789570  0.15582178213070230  0.17829911007658716
  0.19475416400182019  0.20811905520631521  0.22020925677605166  0.23150865482117827
  0.24330813083389222  0.25490643864603452  0.26586441087571622  0.27564114319651428
  0.28557305568445851  0.29545828745323721  0.30440655603004285  0.31265392138075671
  0.32066503437850913  0.32850248384234343  0.33601022211305959  0.34272473253391356
  0.34985117455257131  0.35655040961691759  0.36252878485264950  0.36840670315624108
  0.37449531751264442  0.38063907468631819  0.38686737009285416  0.39298525736330675
  0.39937607015805060  0.40556330040685357  0.41141501291544141  0.41703135284388593
  0.42274134219896597  0.42860773829058829  0.43455379506443043  0.44077939559802259
  0.44734770645396038  0.45403497233480627  0.46031851319427441  0.46635184150307030
  0.47227917989599572  0.47839884800155186  0.48402273644023219  0.48821501308630083
  0.49216780697724000  0.49603511655122928  0.49997186647422925  0.50472180275522283
  0.50953379144436395  0.51421543030901762  0.51897233489505668  0.52393246063053422
  0.52946156916158371  0.53469286671987204  0.53991934706369804  0.54508743765308110
  0.55031926616606408  0.55581162219317459  0.56134767016755294  0.56722949175136483
  0.57300703944328268  0.57889128877273643  0.58486719813000798  0.59106518236985905
  0.59750309816389380  0.60349246242875176  0.60927839507609383  0.61472322406983149
  0.62085309838519254  0.62669053367164773  0.63188022127139842  0.63660090810928927
  0.64118997268925637  0.64572492186883301  0.65093885236942672  0.65784182414837700
  0.66526943906362890  0.67246466767928847  0.67969381444707844  0.68741469812532430
  0.69615300734056251  0.70516922548685668  0.71369473206642453  0.72209017553761934
  0.73096641647022409  0.74077489203485403  0.75080354837536833  0.76039014757047618
  0.77017069783298808  0.78031242532983003  0.79170517038121202  0.80483761139352639
  0.82179938810296205  0.84416596640614772  0.88429785932592986  1.00000000000000000
   2.9234571277400002E-011   2.1201255999999999E-006
  <DiscreteSampler_grid>
  Helicity
  1 # 1 for a reference and 2 for a running grid.
  80 # Attribute 'min_bin_probing_points' of the grid.
  1 # Attribute 'grid_mode' of the grid. 1=='default',2=='initialization'
  0.0300000000000000 # Attribute 'small_contrib_threshold' of the grid.
  0.3330000000000000 # Attribute 'damping_power' of the grid.
 # binID   n_entries weight   weight_sqr   abs_weight
    1   2983   7.918702462017405E-011   2.260605204095266E-019   7.918702462017405E-011
    2   1126   4.013995349286356E-011   9.565613129100872E-020   4.013995349286356E-011
    3   1378   3.853968994947145E-011   2.367745125540421E-020   3.853968994947145E-011
    4   3182   8.489577321395132E-011   1.086880339738730E-019   8.489577321395132E-011
  </DiscreteSampler_grid>
  <DiscreteSampler_grid>
  grouped_processes
  1 # 1 for a reference and 2 for a running grid.
  10 # Attribute 'min_bin_probing_points' of the grid.
  1 # Attribute 'grid_mode' of the grid. 1=='default',2=='initialization'
  0.0300000000000000 # Attribute 'small_contrib_threshold' of the grid.
  0.3330000000000000 # Attribute 'damping_power' of the grid.
 # binID   n_entries weight   weight_sqr   abs_weight
    16   10   1.029695238210000E-003   1.826268560130000E-006   1.029695238210000E-003
    22   10   1.029695238210000E-003   1.826268560140000E-006   1.029695238210000E-003
    10   10   1.029695238210000E-003   1.826268560130000E-006   1.029695238210000E-003
  </DiscreteSampler_grid>
