  0.00103596487098035  0.00603505752598610  0.01010950012970392  0.01400212745596749
  0.01812655834837816  0.02267563197768199  0.02780904504748875  0.03300384626610414
  0.03850965848183702  0.04451166793181260  0.05108722874955605  0.05814757439590069
  0.06511911547996445  0.07208430265049148  0.07889158946554505  0.08582930990904078
  0.09303508856139997  0.10059808816928753  0.10835877106250133  0.11606626356413914
  0.12386511165234047  0.13172016688004309  0.13969804264755134  0.14760835705493355
  0.15537174851763288  0.16312692716811042  0.17098220137257730  0.17894670568310564
  0.18760516838369690  0.19632987769779467  0.20502761213106990  0.21393212406407852
  0.22309995133784669  0.23249796511517512  0.24234554575000231  0.25185119610850965
  0.26117501440109725  0.27035350231818978  0.27958355499557430  0.28917937568961399
  0.29882117306855893  0.30831016469124578  0.31804063846563108  0.32811535434201944
  0.33817606906494602  0.34809408077220994  0.35788711861975286  0.36801696828200797
  0.37806066184339937  0.38800877080280105  0.39808692131463069  0.40855582356775194
  0.41908120100219709  0.42956291336947705  0.44022540086374357  0.45121135358996056
  0.46231060177827915  0.47307404852533419  0.48387558455393542  0.49503806132225664
  0.50657717858990658  0.51848510404746795  0.53060570196815260  0.54275800561126508
  0.55469944428930229  0.56660462073943751  0.57844003498774044  0.59059742672681215
  0.60320823840445870  0.61646264766457115  0.63010138704802621  0.64391055703236055
  0.65747121516958429  0.67113598053448276  0.68495351977488528  0.69860508085557282
  0.71241531238909273  0.72656403087954702  0.74121020668851612  0.75662079293915929
  0.77278712628330004  0.78947312775030620  0.80621631334252553  0.82358553190189043
  0.84243663432021765  0.86362519415335881  0.88735999485474815  0.91075619338237002
  0.93374854103000060  0.95140516067552960  0.96511256199245399  0.97544933060251438
  0.98358525816037734  0.98980510690470491  0.99511415222733535  1.00000000000000000
 -0.00154244730735165  0.00870192598182042  0.01761204801703969  0.02699849672701015
  0.03668845785624485  0.04706098139116353  0.05825126838787213  0.06947758202769094
  0.08012979488491925  0.09101731105481568  0.10197894644582153  0.11263281933168416
  0.12315498622955454  0.13360929170620600  0.14377091045759857  0.15395006379047818
  0.16355319132199039  0.17409023794903500  0.18495300996581188  0.19642392828081376
  0.20759297488474635  0.21873214900595714  0.23001310309592871  0.24049997871783543
  0.25094733078403497  0.26139623368453052  0.27240000061141723  0.28338439332713994
  0.29431274380299460  0.30454280369934900  0.31446395510777997  0.32435637688624647
  0.33475142096447291  0.34539236772885501  0.35606089727577411  0.36651003770124496
  0.37708701124491684  0.38732503438143551  0.39784150626794385  0.40815302511837270
  0.41837594150243940  0.42870335935074494  0.43967748082302421  0.45125882256108818
  0.46293070537359021  0.47426618660152348  0.48536109631141267  0.49658047610296108
  0.50807839952615497  0.51906525798384251  0.52935536881836187  0.53949569013493992
  0.54992523327200116  0.56051738530267625  0.57053718341300075  0.58038780290236203
  0.59040054600267955  0.60065029366261458  0.61081471922356989  0.62117771066004013
  0.63155811907766191  0.64235101284287666  0.65335763196573315  0.66414793739671818
  0.67444535563896568  0.68441489584446968  0.69457177216455390  0.70522538747458063
  0.71563512440102184  0.72584467356322058  0.73652554673339787  0.74748884440019925
  0.75810707044649972  0.76838374520482244  0.77850773249446592  0.78823701098938026
  0.79749202248085171  0.80701879997107206  0.81736743959624658  0.82808675413846722
  0.83882836341789535  0.84971360768787785  0.86025206045364744  0.87066794506445833
  0.88103031845241264  0.89145913159947721  0.90179145609205058  0.91162527326629417
  0.92187350004911250  0.93254343768702730  0.94407469434523372  0.95576058306363487
  0.96712759198352616  0.97813818418594511  0.98904206254538463  1.00000000000000000
 -0.00190984652038979  0.00924316544197097  0.01765758696376406  0.02700234910501794
  0.03634943773428318  0.04649766633184585  0.05687232709134449  0.06712293009581136
  0.07770504887009462  0.08832471728499741  0.09906175704994420  0.10986171835624933
  0.12094179384908846  0.13253974826728934  0.14432803902477273  0.15513499106040979
  0.16585053911714503  0.17671063229916326  0.18710728913519209  0.19706538243873983
  0.20623005230905117  0.21601857813857234  0.22622393813013103  0.23675278617655823
  0.24711416294480953  0.25722314176164573  0.26728050837314166  0.27710283001034502
  0.28675982607847889  0.29638689043377719  0.30620576697590318  0.31615659468068175
  0.32626722707811956  0.33691384011060960  0.34793868805496120  0.35887717971475713
  0.36967929109816594  0.38117160052390875  0.39255872389905389  0.40348093602530488
  0.41375222019959002  0.42447718774466203  0.43555274826330292  0.44695837305955299
  0.45830637578728406  0.46949687751885855  0.48089873382177550  0.49292627405632611
  0.50485426268648326  0.51656112462910098  0.52736355169051008  0.53821639075331262
  0.54881514521694663  0.55893196874346385  0.56845018577284601  0.57795716015654819
  0.58835031742206811  0.59953485721422695  0.61015181308835242  0.62058820581442897
  0.63141577313583253  0.64218768631576695  0.65257008315066156  0.66300894096445295
  0.67385194460093922  0.68499292532998746  0.69562973752004853  0.70564064408778937
  0.71558692074151709  0.72526929841208976  0.73551140039872587  0.74583385087289555
  0.75688327243338105  0.76842483494971470  0.77914185102809452  0.78945039404096273
  0.79975999651608232  0.80973229423117221  0.81952044484668218  0.82855444210579643
  0.83806940173812683  0.84826466197802264  0.85908679848103997  0.87036903487112105
  0.88080197197733612  0.89115963469249460  0.90133916309325590  0.91190651078813190
  0.92286703250533830  0.93311337876631750  0.94335923204192462  0.95365636531451459
  0.96513117183811381  0.97714459636219342  0.98881549972951432  1.00000000000000000
 -0.00152829606683917  0.00915432327324687  0.01904458475783631  0.02959068352852598
  0.04049893435430574  0.05091292790930376  0.06096557261798657  0.07097003305516658
  0.08127503312397670  0.09193018467126171  0.10221316775023744  0.11213683905295646
  0.12205656188867781  0.13225341594618201  0.14260237170502174  0.15335200590802633
  0.16386846472380939  0.17456717566321422  0.18541992708217228  0.19656176490804253
  0.20764301912295088  0.21849907378077385  0.22881849482810446  0.23883141684651907
  0.24907467104856690  0.25957809358225770  0.26996367990972814  0.28009022830231878
  0.29037179590615159  0.30134006246223149  0.31201805268558164  0.32224210985286084
  0.33207364788374594  0.34200421442033624  0.35178474185556685  0.36153109163068703
  0.37148230345264749  0.38140680061453308  0.39193132166434708  0.40224707351714106
  0.41315740809757773  0.42388655510614665  0.43491689197950473  0.44599326443781784
  0.45690429963345036  0.46716313637895085  0.47695352278935121  0.48684333288874154
  0.49668517596832046  0.50665345210329193  0.51736582874488968  0.52914811428801967
  0.54155299357934683  0.55379194531222475  0.56548501829101250  0.57682028462252721
  0.58762366125773824  0.59866945295798135  0.60958294919392453  0.62008154332204224
  0.63062955580278302  0.64140380433500921  0.65218343909332022  0.66307471357473913
  0.67377250955410639  0.68453979771464235  0.69558051090332240  0.70664371084027444
  0.71761255036502791  0.72851864703294822  0.73921348064997749  0.74998090295375297
  0.76093239563595516  0.77223991309779105  0.78425210878484986  0.79603107073302981
  0.80768670821297039  0.81878691966432016  0.82931707502663354  0.83933667173581450
  0.84899628025532514  0.85909062662394897  0.86946336025398818  0.87938095487308188
  0.88887865346953765  0.89855709159425690  0.90894642920426705  0.91980508171495989
  0.93035070402926090  0.94100267861475895  0.95167190216366715  0.96243918590715116
  0.97259233232697428  0.98218109468760340  0.99119063147377240  1.00000000000000000
 -0.00257833754981052  0.00972661649150761  0.01958984038435738  0.02908260871087041
  0.03905696892222817  0.04965685413232407  0.06088782101578372  0.07124686793241240
  0.08087315529291576  0.09056961878301890  0.10117077982874892  0.11258892106948760
  0.12392448998401785  0.13429397173428648  0.14463146887044115  0.15506478306118696
  0.16595666950726004  0.17676246249285224  0.18759553429496054  0.19827618263221092
  0.20878923732074542  0.21912856630009189  0.22953454634409023  0.23990228686527662
  0.25017481093434402  0.26075326705229329  0.27166471747532828  0.28204395430505980
  0.29247099213640532  0.30303704447776686  0.31401952427640778  0.32509424511400414
  0.33619743097614035  0.34747152005011811  0.35852705743517965  0.36990888475048828
  0.38135872002336801  0.39289821292445709  0.40368333498658354  0.41513512206495945
  0.42637386190022397  0.43669618749121047  0.44658080386093230  0.45637148634570096
  0.46608148560012408  0.47573406659363510  0.48606386871311108  0.49653612220721582
  0.50740665233665727  0.51756878601267153  0.52818156013543793  0.53923566505782150
  0.54996520784118985  0.56052653571795685  0.57089623090607311  0.58105005417213929
  0.59222287631333947  0.60381602939188261  0.61536486289530634  0.62610878804207981
  0.63704445559494116  0.64798354396373725  0.65914707764103420  0.67026968218915151
  0.68109941094139759  0.69179169073381552  0.70242117938087822  0.71346141792059037
  0.72453502719036356  0.73540900242271456  0.74653649181420523  0.75751188695141014
  0.76828513783857866  0.77844791138689184  0.78818323025390913  0.79765589117255653
  0.80673943673992710  0.81619579010316123  0.82648499596183056  0.83737989515928635
  0.84824611685248297  0.85837857138912521  0.86825424832353348  0.87837745646083920
  0.88863075557826166  0.89930578252255611  0.91018716812796208  0.92097131499621321
  0.93120521092866759  0.94121316192185311  0.95112169780494293  0.96118959493248335
  0.97104600344343250  0.98028392554626664  0.99030868718272935  1.00000000000000000
 -0.00140150832294226  0.01281015545803787  0.02655525610289698  0.04335288540667546
  0.06063631954820334  0.07737862954255043  0.09084183624386966  0.10272147687116576
  0.11395652740771352  0.12370770623784184  0.13189986191453054  0.13938128285357376
  0.14683807278256447  0.15455454908746422  0.16226981084838835  0.16966249273839368
  0.17668033037976261  0.18403758727071517  0.19051576615228483  0.19647158951190913
  0.20227633054930644  0.20813401680308388  0.21391091687503486  0.21934502833031658
  0.22450738630222722  0.22946177463390047  0.23451621319825985  0.23990786110336848
  0.24522983352032018  0.25041036775452113  0.25551145611665516  0.26065990128484340
  0.26619606709471916  0.27215572275679029  0.27803171407679417  0.28408575550836468
  0.28981488977205122  0.29533477434260452  0.30072705088495399  0.30611499096640060
  0.31146221250071587  0.31683129580059433  0.32243286918782055  0.32821076076150940
  0.33450929528635570  0.34108233937777194  0.34772201823969118  0.35457951543875244
  0.36140296471510736  0.36815031172265278  0.37474732436205910  0.38112338719084943
  0.38735952063115009  0.39362790077187021  0.40001391712640255  0.40659287933444138
  0.41328053475245324  0.41992911015276968  0.42685889067155808  0.43383364691587645
  0.44086843843593959  0.44791808804275562  0.45511762477895790  0.46250846995661327
  0.46993968163966249  0.47733445091219451  0.48502036522213726  0.49289477073965748
  0.50092738316285546  0.50944618781883844  0.51801889105439514  0.52716878573522663
  0.53653668749053329  0.54582804455258371  0.55520151905069004  0.56461254174194919
  0.57423014695663988  0.58408975419002951  0.59426970296868875  0.60490942750547660
  0.61644928194438142  0.62866010525804139  0.64186308596845820  0.65534337528458608
  0.66919727247284111  0.68362007156040949  0.69895491068312277  0.71555611120264062
  0.73396346034293458  0.75422924272413405  0.77570629068815322  0.79776366908066476
  0.82041776337873629  0.84805603761003867  0.89129121650669241  1.00000000000000000
 -0.01872339150550662  0.11319301984631930  0.15284163826401173  0.17719610007736830
  0.19532923156529597  0.21020722784531756  0.22322420473687793  0.23475737552890377
  0.24528313110411962  0.25537724074682122  0.26554564298337313  0.27534398345080957
  0.28435792069212568  0.29279459982542033  0.30060898820283533  0.30807378014613979
  0.31481008202909461  0.32139968151356396  0.32817191727555267  0.33506758866980907
  0.34185367351925006  0.34818884279570139  0.35429375132881130  0.36018560488950774
  0.36611012099702944  0.37205311899037252  0.37783642277375939  0.38352246193997297
  0.38922268912552010  0.39500370266100732  0.40101681475296241  0.40694851758907374
  0.41274198031770998  0.41888396702455238  0.42500952054404378  0.43073537343237267
  0.43621368777083908  0.44155317849109149  0.44706962251643906  0.45302490869100243
  0.45875676280070810  0.46438726331356051  0.46996205166763788  0.47557584465236336
  0.48130189360262809  0.48707060334139934  0.49275203365052300  0.49826720675389113
  0.50357564401521082  0.50862950530057505  0.51380095259464442  0.51900029224880206
  0.52408948294082014  0.52920063391921035  0.53428131578915905  0.53947369386072297
  0.54481385344087851  0.55005414990063850  0.55552830711384615  0.56094158733086230
  0.56688963220487343  0.57290697411278868  0.57898022648861547  0.58502061310480646
  0.59095031842489310  0.59687089526124892  0.60282573707383469  0.60858507255803240
  0.61445409646951965  0.62029712063515430  0.62671246092053967  0.63351123363102579
  0.64046987417677992  0.64756676642072064  0.65457093402406918  0.66165160198781536
  0.66870451868499370  0.67571243648382329  0.68280882975805945  0.68978881662184133
  0.69679894993334490  0.70398201843379749  0.71181722979389883  0.72044784923340754
  0.72949114223427025  0.73955628344201518  0.74989813629004098  0.76073577457765240
  0.77192883988236571  0.78442932927128561  0.79835831179693140  0.81489625624425410
  0.83443453669606404  0.85800578751493484  0.88936425310337219  1.00000000000000000
   6.0842608734400003E-009   9.3256716666700000E-005
  <DiscreteSampler_grid>
  Helicity
  1 # 1 for a reference and 2 for a running grid.
  80 # Attribute 'min_bin_probing_points' of the grid.
  1 # Attribute 'grid_mode' of the grid. 1=='default',2=='initialization'
  0.0300000000000000 # Attribute 'small_contrib_threshold' of the grid.
  0.3330000000000000 # Attribute 'damping_power' of the grid.
 # binID   n_entries weight   weight_sqr   abs_weight
    1   4054   2.502117298713370E-008   4.742161361173503E-015   2.502117298713370E-008
    2   130   3.822940189616066E-010   1.630354163936484E-017   3.822940189616066E-010
    3   116   1.942161870843128E-010   6.970825040798553E-018   1.942161870843128E-010
    4   4387   2.540613983169805E-008   4.129961097458066E-015   2.540613983169805E-008
  </DiscreteSampler_grid>
  <DiscreteSampler_grid>
  grouped_processes
  1 # 1 for a reference and 2 for a running grid.
  10 # Attribute 'min_bin_probing_points' of the grid.
  1 # Attribute 'grid_mode' of the grid. 1=='default',2=='initialization'
  0.0300000000000000 # Attribute 'small_contrib_threshold' of the grid.
  0.3330000000000000 # Attribute 'damping_power' of the grid.
 # binID   n_entries weight   weight_sqr   abs_weight
    16   10   6.433578248930000E-001   9.732288725640000E-001   6.433578248930000E-001
    22   10   6.433578248930000E-001   9.732288725640000E-001   6.433578248930000E-001
    10   10   6.433578248930000E-001   9.732288725640000E-001   6.433578248930000E-001
  </DiscreteSampler_grid>
