  0.02683614732622463  0.03129426810736796  0.03497688611762942  0.03857594595058852
  0.04270012940733533  0.04764124118291246  0.05311412519256577  0.05875105476427536
  0.06529992487139008  0.07216310879869064  0.07874532673416386  0.08557208138717778
  0.09286038196030723  0.10025060231706907  0.10779351772708881  0.11471311895548020
  0.12206094561097602  0.12943573636931857  0.13690177034954751  0.14379897087841878
  0.15085813563864733  0.15809265832238756  0.16605012483190473  0.17611144580972474
  0.18619853166523223  0.19462257879015116  0.20289468081057460  0.21041071231319466
  0.21910747207438661  0.22753741587638199  0.23691396775401072  0.24681866464895810
  0.25682558089045388  0.26660842431674392  0.27584925941932231  0.28498053654553096
  0.29448310462195060  0.30465742579125249  0.31538601514810233  0.32626203415652721
  0.33714037679049041  0.34760524336315018  0.35757895234382864  0.36777872649271426
  0.37901606771143875  0.39120315363391484  0.40305780381405687  0.41485123834431231
  0.42635549033225761  0.43714023968751803  0.44793305416216161  0.45922154341493354
  0.47145804784217160  0.48408226171076840  0.49689593062648035  0.50945360133427686
  0.52279506134406550  0.53328054756155319  0.54161222828397715  0.54990116259700539
  0.55878975286928689  0.57045919675174117  0.58325508826275685  0.59762481115516275
  0.61207704606351698  0.62548375980506954  0.64052375215458268  0.65621590014408293
  0.67176070638568741  0.68663343802355592  0.70128764838150071  0.71674068202545826
  0.73276860323661641  0.74858171948848573  0.76332105731875677  0.77727510996769811
  0.79010718435901772  0.80383230411856310  0.81914031694169598  0.83695399737680154
  0.85637390925982892  0.87727810996080680  0.89838063348786468  0.91567012722845409
  0.92619313737796782  0.93305678930283698  0.93882357603732014  0.94426110796457030
  0.94911465275829965  0.95386481568397152  0.96040075420828819  0.96564356551616903
  0.96734917462683023  0.96749375267381155  0.96908555272236863  1.00000000000000000
 -0.00019021916747197  0.00158937008208211  0.00307220218507700  0.00516984473211922
  0.00774050457751085  0.01089238938660249  0.01448589079866114  0.01825394022007999
  0.02271489381535814  0.02779507161854499  0.03299121496650767  0.03838382116386898
  0.04396585508442826  0.04926018986980413  0.05470035852962218  0.06030976766929144
  0.06702841372873553  0.07454289532817984  0.08238616866434345  0.09014702842747430
  0.09788106645444487  0.10544954615919655  0.11391837740254036  0.12311158590663308
  0.13263751578125774  0.14262917452417959  0.15305163231395030  0.16325406910003620
  0.17355418155814609  0.18365772813143605  0.19393149783469599  0.20441752838106719
  0.21448501872852302  0.22423460117591004  0.23310276630720908  0.24140297987667078
  0.24994312005017252  0.25884536364203919  0.26876586380547135  0.27887246563206991
  0.28896154275649488  0.29977618648354887  0.31126583661834445  0.31963288608444562
  0.32681777252321875  0.33352168186615638  0.34040192355561721  0.34757226232065735
  0.35799768214748601  0.37133431609453532  0.38590115892998544  0.40040760592602564
  0.41401596050465206  0.42700189497213187  0.44027982432599133  0.45323743802001870
  0.46646963966559424  0.47919935137978859  0.49146767191627688  0.50326777385922639
  0.51522107745866907  0.52765733159618422  0.53997053574922660  0.55264254261211632
  0.56357613913179916  0.57361268213297478  0.58250587985098834  0.59149378833092059
  0.60126268532829297  0.61177394731147750  0.62214645874045571  0.63385756178631347
  0.64646033443970374  0.65944487252159778  0.67261704826053936  0.68630029799933967
  0.70080954692031971  0.71387883506492655  0.72662606104549465  0.73884150046491892
  0.75031482698813068  0.76304389308391096  0.77653983601046395  0.79118582635598278
  0.80674884116173129  0.82218341925382810  0.83718161595109641  0.85212357925118498
  0.86847355675931082  0.88586599844216452  0.90379282639751868  0.92144330341160674
  0.94237873263051908  0.96179313775352138  0.98076203687098429  1.00000000000000000
 -0.00211606515960849  0.01095073827868200  0.02190291175569604  0.03259434557603167
  0.04323775077022161  0.05437392309830978  0.06564821574069463  0.07625722387731525
  0.08608207916788838  0.09553563691952259  0.10501659911141181  0.11536406963500581
  0.12707962090812744  0.13927283512295452  0.15127108677107456  0.16473450434376369
  0.17746467645505520  0.19100584814337965  0.20508843065515825  0.21830516761955526
  0.23104366297159284  0.24365220108906466  0.25463235164044568  0.26406394953791212
  0.27345759538291664  0.28303508578283376  0.29306667971360056  0.30364576532712689
  0.31460517850605291  0.32610850627381260  0.33683819166392148  0.34768685693719853
  0.35851287725145348  0.36969740080028357  0.38295651117458662  0.39391741998026181
  0.40420219570182042  0.41379858281648102  0.42152185359823108  0.42843712055101302
  0.43539052780031018  0.44282366300881137  0.45070068498411658  0.46188295153870085
  0.47349059529085508  0.48303078865492749  0.49264902838888208  0.50245627961581207
  0.51235132514464199  0.52212331685389402  0.53148771914943027  0.53889927752064182
  0.54666055228041810  0.55438760162919543  0.56346816762781271  0.57504252824871560
  0.58726721084885081  0.59936179058137640  0.61279257856986291  0.62545196874715825
  0.63585814880586577  0.64559992187418447  0.65610570169694826  0.66658738409296370
  0.67690298528919457  0.68715079427612724  0.69794676338448558  0.70814906523720322
  0.71794755943549793  0.72763589645701598  0.73744679073507879  0.74793088580725775
  0.75812564813503580  0.76788391013087520  0.77765621904638971  0.78736407919827722
  0.79677673369726165  0.80610737248283404  0.81603734342394230  0.82686665395171954
  0.83759719547352507  0.84829136049033294  0.85919150889333884  0.87059637296771153
  0.88248319255352414  0.89454241994037120  0.90660792005249857  0.91860918588127749
  0.93063768120553414  0.94200388003636226  0.95229549120292512  0.96194790300031385
  0.97158080732724150  0.98115885868789643  0.99058482961513039  1.00000000000000000
 -0.00272367842594399  0.01413639937525783  0.02635767296926628  0.03862204546958319
  0.05076289802573837  0.06355285941492525  0.07656608748753928  0.08899331262405542
  0.10144281814942263  0.11444041710712587  0.12781789513273548  0.14122864104469288
  0.15380021305214520  0.16632538407482328  0.17845667805554286  0.19044199838787093
  0.20124756392786453  0.21273772870700330  0.22492618171428361  0.23629684998075454
  0.24619125066769804  0.25517430874698271  0.26359645297615464  0.27198319229594620
  0.28054785409359106  0.29118668888755622  0.30362540839013152  0.31681511538788076
  0.32921065998720966  0.34095861327676752  0.35210078092625618  0.36247790565643656
  0.37267883050804651  0.38271550904521373  0.39287447659973518  0.40262600287230527
  0.41203057382518093  0.42117163523423645  0.43078721585007296  0.44040628441470558
  0.44918877326280199  0.45813853154266748  0.46777005632268975  0.47960635732188545
  0.49293410224236239  0.50474800600255409  0.51555141155544248  0.52453175766974969
  0.53346028644121046  0.54206097293979005  0.55033521458723533  0.55869048150458800
  0.56759613517604679  0.57812004287821284  0.58917301359844965  0.59985812471954314
  0.61071418394724131  0.62052357733275554  0.62736164591741328  0.63432602258936632
  0.64130938847392815  0.64823091286039369  0.65471241281912007  0.66147471256947221
  0.66870103414994364  0.67622196313702154  0.68333998033688881  0.69426556801270256
  0.70450263268106028  0.71563324363881053  0.72791818040038991  0.73996911712452407
  0.75243679382593209  0.76548614673495596  0.77576090072935366  0.78507983890105348
  0.79399050966060003  0.80356085607363315  0.81326492688552821  0.82224517956821019
  0.83052912438054938  0.83862972103860811  0.84694655561193877  0.85613961222230084
  0.86654382994973878  0.87758062108677193  0.88910712236105394  0.90205220361776428
  0.91526197373544560  0.92869417830228806  0.94167842476290042  0.95474508460802210
  0.96755386644437247  0.97927109117907107  0.98995270924671785  1.00000000000000000
 -0.00219752958478766  0.00497003326718265  0.01207762510343806  0.01891891673089827
  0.02857328154374088  0.04035929082004945  0.05167532782578294  0.06288560186709762
  0.07304731245556086  0.08177379894789234  0.08945324124459063  0.09719986557755914
  0.10657759398251682  0.11586340676616588  0.12576476448999771  0.13499702132393340
  0.14413524748476803  0.15398729000607464  0.16448212107446825  0.17556207220619413
  0.18698902732300501  0.19777949459645486  0.20760415805730933  0.21707027812108234
  0.22689521162481932  0.23815305580302601  0.24963436473116102  0.26078496606344226
  0.27183923779599850  0.28344300597027794  0.29550679445914579  0.30748124348975547
  0.31914901856149275  0.33002325505387348  0.34114796786073559  0.35291177841433002
  0.36507430728335466  0.37637742127543122  0.38690721018348539  0.39713618305645115
  0.40763094153189094  0.41782290976521652  0.42722579289382073  0.43651587626251021
  0.44635824867688040  0.45755397028675737  0.46927158322080326  0.47904921524261557
  0.48669804185939569  0.49434239252696233  0.50166005712698281  0.51017311731549353
  0.52203045068949450  0.53260626578115589  0.54214892982610230  0.55167171439304263
  0.56141734587981063  0.57153304924797543  0.58174065516112461  0.59197083293804764
  0.60253803948758378  0.61322955638268839  0.62442467965783000  0.63564198099376290
  0.64690619592094656  0.65813108011010302  0.66899578796042447  0.67965033678351527
  0.69053146079282746  0.70218164147858941  0.71400643724138357  0.72592735242847983
  0.73867716574040732  0.75187316182635211  0.76437774050492269  0.77607166344608558
  0.78760217973136093  0.79898362319849803  0.80982533503920118  0.82053364065220480
  0.83025377727794858  0.84051002631651150  0.85052349888198264  0.86124724052101786
  0.87241800231419553  0.88349485379948578  0.89364977985978922  0.90469105930979210
  0.91697222216527796  0.92892567431732531  0.94024699071747497  0.95113660608526440
  0.96267464090664678  0.97450462394950388  0.98740002594731169  1.00000000000000000
 -0.00081323679444790  0.04767679622319263  0.07543023837727310  0.09392369418819113
  0.10911173512196254  0.12131867985383568  0.13248948849440051  0.14234539453683931
  0.15241849549330780  0.16132216006239847  0.16973151343324042  0.17651409377380142
  0.18351520845447250  0.19050695211680713  0.19750951029284386  0.20408011742841953
  0.21040121202906406  0.21673487537967889  0.22309601109746927  0.22946200799967884
  0.23591028474570888  0.24199625020686349  0.24837297014251725  0.25479982669329115
  0.26066542042649166  0.26614763081562348  0.27174388778015490  0.27525522295641813
  0.27871673705609357  0.28264978190727436  0.28670011772230425  0.29096611122814026
  0.29744971965087957  0.30386512961370032  0.31051990361102699  0.31700950319397087
  0.32339104088763648  0.32976862593408268  0.33684573738515949  0.34400836671292806
  0.35105922785378951  0.35811271953455720  0.36546753521630448  0.37337952957337867
  0.38109555757514235  0.38765938544303857  0.39447395129811180  0.40050310329842725
  0.40634979349744405  0.41322587686720774  0.42003041203276958  0.42714716173738826
  0.43493101791197430  0.44340741066445577  0.45173517255557000  0.45993418483305248
  0.46938289111044440  0.47908942049316711  0.48893071660961740  0.49869710567303654
  0.50802769037166662  0.51684874216043553  0.52537087852373099  0.53409763476744521
  0.54255822618629446  0.55179680334635584  0.56154335750184348  0.57191036459980549
  0.58181512495605758  0.59000799985788566  0.59872622011251053  0.60837422048589185
  0.61959383462236606  0.62995486448170090  0.64069319598869512  0.65096930272624720
  0.66100048059519945  0.67100897228591172  0.68102044725225264  0.69099389517242238
  0.70118581199382679  0.71222400800477181  0.72492833853391281  0.73937680616847756
  0.75441628183552190  0.76976774799785475  0.78645020203974692  0.80081779916905882
  0.81511338029710667  0.83176104990749666  0.84871958910532785  0.86625405387316079
  0.88415050401592998  0.90474831483813234  0.93712947989066087  1.00000000000000000
 -0.00811435081981734  0.11252827219133049  0.15124569399261262  0.17557074474919321
  0.19211607781696580  0.20550556464917055  0.21824037251190298  0.23068168179884643
  0.24214631672286557  0.25340796021641754  0.26391643066018344  0.27357384204306218
  0.28225106046728704  0.29099606067940698  0.29930207317124030  0.30706444277978368
  0.31452726107724366  0.32201138144385599  0.32985052463020897  0.33734364661770644
  0.34437378117161993  0.35156711639470073  0.35848219963824407  0.36464132589820158
  0.37076159374179446  0.37668049131836584  0.38253882343020634  0.38839285915872229
  0.39429695096571477  0.40044320877086331  0.40664943161975364  0.41230187639726357
  0.41745263876554334  0.42245105786670828  0.42752859508269841  0.43294898181290631
  0.43894953921814622  0.44555845873593464  0.45222878687091994  0.45800693653490954
  0.46342144322924961  0.46871925579477774  0.47427038184006248  0.48020678049322013
  0.48604020050317198  0.49175000537793567  0.49682910865795543  0.50191364154780416
  0.50683753889943439  0.51197099442006722  0.51704119395327908  0.52247670049687711
  0.52857945659420247  0.53488706563970501  0.54103217414099503  0.54679604520230607
  0.55251916122319567  0.55821879831957066  0.56382231605577604  0.56950277117801373
  0.57511073470854002  0.57945301757655543  0.58389580048386447  0.58843920080446344
  0.59290058206809970  0.59781581674793693  0.60384824752888488  0.60946199792007139
  0.61499802209913224  0.62121862335754774  0.62733260740698515  0.63257315399807235
  0.63718624531226853  0.64182408599562202  0.64693674813696744  0.65310903404583731
  0.66046551785196972  0.66757894509499172  0.67492536365884004  0.68283297015281286
  0.69151427858469761  0.70121574445604107  0.71014329832086487  0.71875584591882857
  0.72760163215331541  0.73733980765317952  0.74748954941789680  0.75689145786762480
  0.76643622306727754  0.77639994056659911  0.78725595901158363  0.80115732850246080
  0.81980211676646286  0.84291021496554430  0.87774398528449082  1.00000000000000000
   2.9234571277400002E-011   2.1201255999999999E-006
  <DiscreteSampler_grid>
  Helicity
  1 # 1 for a reference and 2 for a running grid.
  80 # Attribute 'min_bin_probing_points' of the grid.
  1 # Attribute 'grid_mode' of the grid. 1=='default',2=='initialization'
  0.0300000000000000 # Attribute 'small_contrib_threshold' of the grid.
  0.3330000000000000 # Attribute 'damping_power' of the grid.
 # binID   n_entries weight   weight_sqr   abs_weight
    1   2961   7.991329545176453E-011   2.280100611603979E-019   7.991329545176453E-011
    2   1130   4.241109518968354E-011   9.669092088693947E-020   4.241109518968354E-011
    3   1389   4.039026019633855E-011   3.526382601731604E-020   4.039026019633855E-011
    4   3189   8.516507764537607E-011   1.089886996289460E-019   8.516507764537607E-011
  </DiscreteSampler_grid>
  <DiscreteSampler_grid>
  grouped_processes
  1 # 1 for a reference and 2 for a running grid.
  10 # Attribute 'min_bin_probing_points' of the grid.
  1 # Attribute 'grid_mode' of the grid. 1=='default',2=='initialization'
  0.0300000000000000 # Attribute 'small_contrib_threshold' of the grid.
  0.3330000000000000 # Attribute 'damping_power' of the grid.
 # binID   n_entries weight   weight_sqr   abs_weight
    16   10   1.029695238210000E-003   1.826268560130000E-006   1.029695238210000E-003
    22   10   1.029695238210000E-003   1.826268560140000E-006   1.029695238210000E-003
    10   10   1.029695238210000E-003   1.826268560130000E-006   1.029695238210000E-003
  </DiscreteSampler_grid>
