+0.0003333768684743 +0.0003560856683083 +0.0003733939624152 +0.0003897030541713 
+0.0004055129973222 +0.0004169195754372 +0.0004278463723028 +0.0004374582462931 
+0.0004445005972493 +0.0004509867380131 +0.0004573225959514 +0.0004649638781868 
+0.0004761237747686 +0.0004873061239039 +0.0004983601204857 +0.0005094143460850 
+0.0005204971871589 +0.0005314835591823 +0.0005430364899324 +0.0005560230578251 
+0.0005694786134256 +0.0005827246467462 +0.0005968775059535 +0.0006121825781503 
+0.0006273242184147 +0.0006424096470268 +0.0006596557695383 +0.0006787622572495 
+0.0006981338428237 +0.0007183259102951 +0.0007398317516308 +0.0007611295075423 
+0.0007835793339218 +0.0007955667824475 +0.0008053708203940 +0.0008151776349891 
+0.0008249849203986 +0.0008347916726728 +0.0008445983482969 +0.0008724944187886 
+0.0009058202866363 +0.0009398218041514 +0.0009793509064736 +0.0010191265872934 
+0.0010840115737498 +0.0011713667342842 +0.0012821031219765 +0.0014059090775062 
+0.0015346770898682 +0.0016773627874539 +0.0017367480673750 +0.0017470089070437 
+0.0017572697467124 +0.0017675305863811 +0.0017777914260498 +0.0017880522657185 
+0.0017983131053872 +0.0018085739450559 +0.0018188347847246 +0.0018290956243933 
+0.0018398154096686 +0.0018508811063151 +0.0018619468029616 +0.0018730124996081 
+0.0018840781962545 +0.0018951438929010 +0.0019062095895475 +0.0019172752861940 
+0.0019283409828405 +0.0019394066794869 +0.0019503833942323 +0.0019612674155531 
+0.0019721514368739 +0.0019830354581948 +0.0019939194795156 +0.0020048035008364 
+0.0020156875221572 +0.0020265715434781 +0.0020374555647989 +0.0020483395861197 
+0.0021286717007295 +0.0023187864266610 +0.0025218333313549 +0.0028037696572549 
+0.0031340021348857 +0.0035349767052388 +0.0039911219031670 +0.0044531274429428 
+0.0050361375042218 +0.0059013747162431 +0.0069115502759338 +0.0090282044592819 
+0.0104535514880782 +0.0166913098670227 +0.0166913098670327 +0.1154752906222317 
-0.0000367437218277 +0.0004846904526665 +0.0009082372766211 +0.0012617431546745 
+0.0015252007234347 +0.0018436299946811 +0.0024935002739847 +0.0035239040109214 
+0.0048182418320365 +0.0063512876531440 +0.0082890254289229 +0.0104819367245094 
+0.0130256249178397 +0.0159693491238776 +0.0192631902840670 +0.0228489435962568 
+0.0269007578377420 +0.0315853712865626 +0.0367798822502056 +0.0426098169052780 
+0.0491638833401594 +0.0566053033850285 +0.0646658063609629 +0.0732653297035901 
+0.0828676127023618 +0.0929834466522029 +0.1035258529760010 +0.1148356981114065 
+0.1263272914888591 +0.1379651646824129 +0.1508514215096063 +0.1645511685206736 
+0.1788159985406046 +0.1930380725839168 +0.2068781416976322 +0.2172574575799346 
+0.2186148499761480 +0.2199722423723613 +0.2213296347685747 +0.2226870271647881 
+0.2240444195610015 +0.2254018119572149 +0.2267592043534283 +0.2281441826307965 
+0.2295449857460101 +0.2309457888612237 +0.2323465919764373 +0.2337473950916508 
+0.2351481982068644 +0.2365490013220780 +0.2379498044372915 +0.2395498771960092 
+0.2411526411890910 +0.2427554051821729 +0.2443581691752547 +0.2459609331683365 
+0.2475636971614184 +0.2491664611545002 +0.2559743578764365 +0.2751477873716346 
+0.2945592868788737 +0.3014549590297952 +0.3077314594731425 +0.3138564642199962 
+0.3198883527299540 +0.3259194424972383 +0.3319485721808480 +0.3379777018644577 
+0.3564604642984658 +0.3769810779773595 +0.3993536373769067 +0.4207350857622766 
+0.4412567610954020 +0.4608651974094581 +0.4813878177859681 +0.5030067214331351 
+0.5266679311546412 +0.5515358907464646 +0.5771757126992468 +0.6032441241312595 
+0.6297991186340897 +0.6568315917245089 +0.6846885396849960 +0.7031987961512933 
+0.7147031606164223 +0.7272627008237239 +0.7407980151249950 +0.7543313664928634 
+0.7678624806982745 +0.7902718630799357 +0.8243880830486662 +0.8575621697583418 
+0.8907198995894378 +0.9251863890906825 +0.9617343641679377 +1.0000000000000000 
-0.0028451157960259 +0.0158152812012681 +0.0313595990448599 +0.0460808262312922 
+0.0597142307622822 +0.0741616719267291 +0.0887544434195162 +0.1038299526319813 
+0.1193174044540830 +0.1345131267805255 +0.1493824349446944 +0.1635567424699653 
+0.1783538804194125 +0.1932905576439641 +0.2078965845943176 +0.2236144570216095 
+0.2396742351313716 +0.2554575742610740 +0.2706601223125088 +0.2852503632307092 
+0.3009866646350544 +0.3171354733280163 +0.3324203533614564 +0.3485487509623743 
+0.3629152405941997 +0.3761750514260984 +0.3886068678065677 +0.4009808317087122 
+0.4142124572678149 +0.4303797850835604 +0.4486787302482295 +0.4614120011280878 
+0.4731956821549128 +0.4841599529234543 +0.4992945347861784 +0.5148508751170598 
+0.5305450155059206 +0.5470544406192188 +0.5643426750012646 +0.5799893431747607 
+0.5956270364887307 +0.6111049569260458 +0.6267521395030472 +0.6421460682914323 
+0.6570941474071609 +0.6710233054785588 +0.6833578996075628 +0.6957577449309327 
+0.7051352260556155 +0.7092271566698516 +0.7133335251542501 +0.7174739253015002 
+0.7209267899564691 +0.7220094149931054 +0.7230920400297417 +0.7241746650663780 
+0.7252572901030143 +0.7263399151396506 +0.7274225401762868 +0.7285051652129232 
+0.7296881220785412 +0.7311443281313645 +0.7326005341841879 +0.7340567402370113 
+0.7355129462898348 +0.7369691523426581 +0.7384253583954815 +0.7398815644483049 
+0.7413395883643339 +0.7427989634651191 +0.7442583385659042 +0.7457177136666893 
+0.7471770887674744 +0.7486364638682595 +0.7500958389690446 +0.7515552140698297 
+0.7656630884004506 +0.7811227566369938 +0.7966294942535451 +0.8124599706082625 
+0.8284158665839895 +0.8436261414592128 +0.8577860160551385 +0.8711722027848089 
+0.8853009618432700 +0.9003016167822460 +0.9160296405896985 +0.9312591569343814 
+0.9467828934080227 +0.9581331924060777 +0.9635543214774480 +0.9689539718547905 
+0.9743347505156003 +0.9801456465360444 +0.9862127681434353 +1.0000000000000000 
-0.0022809832861384 +0.0150885697980354 +0.0314794671725166 +0.0479686239091567 
+0.0634774815569688 +0.0777603591727583 +0.0915751377912517 +0.1048316044144494 
+0.1198660012689190 +0.1356535534077656 +0.1417306597045964 +0.1472600745524521 
+0.1527765234852437 +0.1582917511578399 +0.1635636874032007 +0.1688024670585285 
+0.1815921403866901 +0.1957547894779487 +0.2096830620705719 +0.2237763901405597 
+0.2389331965563572 +0.2548950834474950 +0.2709642584210677 +0.2855900018466418 
+0.3006577262534509 +0.3156153072737021 +0.3301315825575478 +0.3448757171658255 
+0.3593692201435224 +0.3734827546099573 +0.3858126275766525 +0.3973822763548642 
+0.4096574820559322 +0.4260185104646105 +0.4428838242757152 +0.4597366588713517 
+0.4770249646820408 +0.4948520068718323 +0.5099610796681718 +0.5238887450318068 
+0.5373917662842532 +0.5516446206834280 +0.5670716350811055 +0.5866545785163251 
+0.5909429286032234 +0.5925500845302507 +0.5941572404572781 +0.5957643963843055 
+0.5973715523113328 +0.5989787082383601 +0.6005858641653874 +0.6021829660375068 
+0.6036641450720556 +0.6051453241066043 +0.6066265031411530 +0.6081076821757018 
+0.6095888612102505 +0.6110700402447992 +0.6125512192793480 +0.6140244761571879 
+0.6154800739996481 +0.6169356718421084 +0.6183912696845686 +0.6198468675270289 
+0.6213024653694891 +0.6227580632119494 +0.6242136610544096 +0.6328124196231933 
+0.6481107440072281 +0.6649383253456058 +0.6806116345614578 +0.6962576475171468 
+0.7126964754348518 +0.7287559732470885 +0.7447624668746365 +0.7606691201100461 
+0.7772511733982063 +0.7948196311855682 +0.8113938145607479 +0.8255877800085618 
+0.8389030032840484 +0.8518148922104449 +0.8649047974542265 +0.8712085719071195 
+0.8756366065809824 +0.8806010212373304 +0.8856882975529728 +0.8908220385015500 
+0.8959644725789488 +0.9110086784456540 +0.9268821412761463 +0.9426469049458577 
+0.9581708192754400 +0.9725387463543287 +0.9864954164563435 +1.0000000000000000 
-0.0032681345871601 +0.0187861712808765 +0.0361875519923087 +0.0529563458585410 
+0.0681823483591292 +0.0816240082480661 +0.0895231582529292 +0.0905864259622366 
+0.0916496936715441 +0.0927129613808515 +0.0937762290901590 +0.0948394967994664 
+0.0959027645087739 +0.0969660322180813 +0.0980242765274422 +0.0990803815551421 
+0.1001364865828420 +0.1011925916105418 +0.1022486966382417 +0.1033048016659416 
+0.1043609066936414 +0.1054170117213413 +0.1064373685278006 +0.1074566760090384 
+0.1084759834902761 +0.1094952909715138 +0.1105145984527516 +0.1115339059339893 
+0.1125532134152270 +0.1161821461876556 +0.1288402257877006 +0.1436264528817207 
+0.1591687321656039 +0.1755435549004502 +0.1907726142020834 +0.2021872353541010 
+0.2136146967942134 +0.2271584054737824 +0.2432105214157872 +0.2606734988276139 
+0.2788622201880445 +0.2958696101808851 +0.3113748109333123 +0.3245119504256307 
+0.3376559986245351 +0.3498599050001980 +0.3566136063374412 +0.3612821874794920 
+0.3659647083684240 +0.3706889296064476 +0.3756251857221076 +0.3842205750509159 
+0.3984572428256746 +0.4136411377567665 +0.4274730900364456 +0.4405510438086631 
+0.4546791049986595 +0.4674238692786991 +0.4804054636365311 +0.4947804707872255 
+0.5086922205777155 +0.5156810450520908 +0.5199901012682812 +0.5245192778694000 
+0.5292343330263802 +0.5339401597055917 +0.5386302339138662 +0.5451288366228308 
+0.5591843604310376 +0.5730677586434437 +0.5870244000974376 +0.6012353852342035 
+0.6156393763327654 +0.6313506364898851 +0.6488572747624906 +0.6658857941737945 
+0.6822220300323976 +0.6965774177882997 +0.7101509272660710 +0.7250352856070413 
+0.7401560629255917 +0.7561484482036230 +0.7736709452324487 +0.7916195619434081 
+0.8103573401863604 +0.8294536607280103 +0.8496190365401231 +0.8690711078354958 
+0.8873029806874710 +0.9035558467397458 +0.9191553921785884 +0.9350463532894226 
+0.9515408652594183 +0.9674246628038315 +0.9831361669641030 +1.0000000000000000 
-0.0012112187266281 +0.0372984389315972 +0.0644421337312771 +0.0897769802071440 
+0.1124590185080737 +0.1322696753809932 +0.1500748359862686 +0.1672328923544704 
+0.1860271241825591 +0.2046340518313962 +0.2214058387514100 +0.2377998978262318 
+0.2537007128098375 +0.2695368484767813 +0.2868903605925500 +0.3041304061464990 
+0.3204395830212916 +0.3370232016591163 +0.3561396628652831 +0.3758073641754808 
+0.3954845734113014 +0.4119903136746157 +0.4255542250845198 +0.4377821382203289 
+0.4486335840191106 +0.4590297964619449 +0.4679751435252757 +0.4769047647749850 
+0.4857680475006039 +0.4940045181252542 +0.5019293560690755 +0.5097665798769909 
+0.5176192530068395 +0.5252910073714310 +0.5329033354900813 +0.5404703838896276 
+0.5466182028377842 +0.5496356102815365 +0.5526311506685802 +0.5555834999603054 
+0.5585405344004605 +0.5615063819797418 +0.5654600111017156 +0.5703154233139049 
+0.5729018936917660 +0.5754883640696271 +0.5780780838916690 +0.5806681330368315 
+0.5833077257438712 +0.5859906762500581 +0.5895258936519254 +0.5975295393744698 
+0.6056028402860746 +0.6138142901904369 +0.6222275159668242 +0.6313961441670181 
+0.6409390852312417 +0.6507354540853048 +0.6608793989837976 +0.6729524907285126 
+0.6870413587459837 +0.7025084270571559 +0.7191169247083109 +0.7370480947210780 
+0.7553306690947326 +0.7732991367768025 +0.7912364134768184 +0.8083566918405563 
+0.8219621206315683 +0.8234611977418431 +0.8249602748521180 +0.8264593519623928 
+0.8279584290726676 +0.8294575061829425 +0.8309565832932173 +0.8324556604034922 
+0.8340239038758868 +0.8356516134431723 +0.8372793230104578 +0.8389070325777435 
+0.8405347421450290 +0.8421624517123145 +0.8437901612796000 +0.8454178708468857 
+0.8471454883074602 +0.8488951077399436 +0.8506447271724270 +0.8523943466049104 
+0.8541439660373938 +0.8558935854698771 +0.8576432049023606 +0.8615833912268926 
+0.8857983937026658 +0.9145383764370274 +0.9487413923715325 +1.0000000000000000 
-0.0088191489124291 +0.0683038784187474 +0.1171164669945864 +0.1467967926790902 
+0.1700168308441623 +0.1902772917420484 +0.2090237097256211 +0.2250870432773671 
+0.2407702087900766 +0.2553973834488701 +0.2689772626267410 +0.2816215934594366 
+0.2936049167555092 +0.3047034781139539 +0.3157475528722203 +0.3275291365709461 
+0.3392259723309066 +0.3477954660017917 +0.3561278242097767 +0.3641761348328524 
+0.3739699110772495 +0.3777151173657222 +0.3814540850992174 +0.3851254939453447 
+0.3887970300547581 +0.3924699688014007 +0.3966334565948856 +0.4061944476199213 
+0.4154934330382976 +0.4246558599432211 +0.4339694301564725 +0.4426937093124428 
+0.4510254089342876 +0.4597841422316474 +0.4689406299128014 +0.4779702089445843 
+0.4816818086144798 +0.4843320017187254 +0.4864667061649480 +0.4873000000179777 
+0.4881332938710075 +0.4889665877240372 +0.4897998815770670 +0.4906331754300968 
+0.4914664692831265 +0.4922997631361563 +0.4931330216386340 +0.4939661151290044 
+0.4947992086193748 +0.4956323021097452 +0.4964653956001156 +0.4972984890904860 
+0.4981315825808564 +0.4989646760712268 +0.4997972753738375 +0.5006230145438747 
+0.5014487537139120 +0.5022744928839492 +0.5031002320539865 +0.5039259712240236 
+0.5047517103940609 +0.5055774495640981 +0.5093252730897542 +0.5177861662589853 
+0.5261454088165263 +0.5342832009759636 +0.5421344425577903 +0.5502316652975237 
+0.5584467530101370 +0.5678992918407703 +0.5782759585515543 +0.5888253268168929 
+0.5992314523806134 +0.6084669563185083 +0.6168443229004260 +0.6252558223447608 
+0.6335309519993749 +0.6418536465135345 +0.6504583955116058 +0.6594075831840794 
+0.6692813024088886 +0.6810409721153251 +0.6934162103170669 +0.7064868176344936 
+0.7195907885315967 +0.7329829012531952 +0.7462297494362660 +0.7592108500034433 
+0.7725194698949482 +0.7870175925428918 +0.8026657464045841 +0.8216128796573837 
+0.8449686641455370 +0.8724234155968927 +0.9120985514255568 +1.0000000000000000 
1.9811716818e-11 1.6317084e-05 
  <DiscreteSampler_grid>
  Helicity
  1 # grid_type. 1=='ref', 2=='run'
  80 # Attribute 'min_bin_probing_points' of the grid.
  1 # Attribute 'grid_mode' of the grid. 1=='default',2=='initialization'
  0.030 # Attribute 'small_contrib_threshold' of the grid.
  0.333 # Attribute 'damping_power' of the grid.
#  binID   n_entries weight   weight_sqr   abs_weight
    3   83 7.40771897065e-12 3.89485796329e-21 7.40771897065e-12
    4   2981 2.24371827421e-12 1.28076981304e-22 2.24371827421e-12
    1   3014 2.2021262339e-12 7.70087069676e-23 2.2021262339e-12
    2   85 3.75852859356e-13 1.04423224282e-23 3.75852859356e-13
  </DiscreteSampler_grid>
  <DiscreteSampler_grid>
  grouped_processes
  1 # grid_type. 1=='ref', 2=='run'
  10 # Attribute 'min_bin_probing_points' of the grid.
  1 # Attribute 'grid_mode' of the grid. 1=='default',2=='initialization'
  0.030 # Attribute 'small_contrib_threshold' of the grid.
  0.333 # Attribute 'damping_power' of the grid.
#  binID   n_entries weight   weight_sqr   abs_weight
    16   10 2.74650044251e-05 2.60460002273e-09 2.74650044251e-05
    22   10 2.74650044251e-05 2.60460002273e-09 2.74650044251e-05
    10   10 2.74650044251e-05 2.60460002273e-09 2.74650044251e-05
  </DiscreteSampler_grid>
