+0.0003364452788947 +0.0003457919625571 +0.0003528418833774 +0.0003594750346989 
+0.0003655840922158 +0.0003713087611536 +0.0003767510566558 +0.0003818514678118 
+0.0003866372408000 +0.0003912470434395 +0.0003957305557504 +0.0004001371720789 
+0.0004045089973106 +0.0004088887721383 +0.0004133606617949 +0.0004179211648201 
+0.0004225501343723 +0.0004273484354007 +0.0004322734309447 +0.0004373135321702 
+0.0004423953338367 +0.0004476901166869 +0.0004532797103768 +0.0004591496689917 
+0.0004651943568670 +0.0004714020959771 +0.0004777614411540 +0.0004841675229777 
+0.0004907052937267 +0.0004979644811125 +0.0005055938602504 +0.0005136988813088 
+0.0005223259395618 +0.0005312198873038 +0.0005406424952515 +0.0005507307438331 
+0.0005614313684407 +0.0005728839634843 +0.0005854353230713 +0.0005984871705626 
+0.0006107539971437 +0.0006224404744867 +0.0006328852187616 +0.0006427925717230 
+0.0006507800667660 +0.0006578543916119 +0.0006663124246617 +0.0006742738426672 
+0.0006818163022057 +0.0006889175759655 +0.0006962954213472 +0.0007044228680046 
+0.0007134962766382 +0.0007222638458800 +0.0007368869711253 +0.0007495056952659 
+0.0007576761803063 +0.0007650669293065 +0.0007719022938122 +0.0007781222947454 
+0.0007837245201192 +0.0007910590945784 +0.0008003240936180 +0.0008027649739543 
+0.0008036941500536 +0.0008046233261529 +0.0008055525022523 +0.0008064780423877 
+0.0008073985304424 +0.0008083190184971 +0.0008092395065518 +0.0008101498195867 
+0.0008110298533545 +0.0008119098871223 +0.0008127899208901 +0.0008140386621934 
+0.0008201547231130 +0.0008269650862520 +0.0008337622979281 +0.0008410676414908 
+0.0008528705333182 +0.0008619965933741 +0.0008686216083312 +0.0008754884523500 
+0.0008819807363027 +0.0008922297862154 +0.0009035893001642 +0.0009111325761135 
+0.0009198444699049 +0.0009251542165282 +0.0009470843621756 +0.0009824286859780 
+0.0010247947306621 +0.0010405556632329 +0.0010405556632429 +0.0054211592605985 
-0.0025395305989147 +0.0106433349313889 +0.0206606066932196 +0.0314716328207457 
+0.0421772270062788 +0.0526400641009970 +0.0632807041208721 +0.0738461787146688 
+0.0845412408484130 +0.0954935524374174 +0.1063828306253373 +0.1170459537138868 
+0.1274335272231481 +0.1377044869504776 +0.1482270714723374 +0.1589964088391191 
+0.1698885984479436 +0.1806678133502351 +0.1914361318449141 +0.2022566594157530 
+0.2130838248245407 +0.2237017418424573 +0.2345341451089176 +0.2454911839066683 
+0.2563315275852092 +0.2668504679908784 +0.2773983992578302 +0.2879472658108836 
+0.2983952519719937 +0.3087376790434085 +0.3192942303483219 +0.3300632917439325 
+0.3410410836790486 +0.3520736429455755 +0.3631079745549533 +0.3743957047088098 
+0.3859221608016279 +0.3976685057803782 +0.4089685290447376 +0.4198692105192134 
+0.4305806476128443 +0.4413420566831330 +0.4522825805315725 +0.4631845075950311 
+0.4740176859219148 +0.4845646619552469 +0.4949155239731017 +0.5053869816727412 
+0.5159726227423921 +0.5267484089518512 +0.5374906409128051 +0.5485620196998309 
+0.5597449038191111 +0.5704553377472944 +0.5807284338211136 +0.5908345079093200 
+0.6012201140266976 +0.6118433443105949 +0.6224606584706611 +0.6329374611930321 
+0.6434480274999849 +0.6540720982938697 +0.6645938807680335 +0.6749416044216624 
+0.6853073666280536 +0.6959390591926896 +0.7068679670106003 +0.7179019696839767 
+0.7289686844189538 +0.7397425773398935 +0.7502266623045177 +0.7604360187816940 
+0.7701220214756577 +0.7780989390457633 +0.7860248862152573 +0.7939685580846525 
+0.8025158601276867 +0.8131611152863746 +0.8243045393937228 +0.8357023120085898 
+0.8468667532060768 +0.8575348041788852 +0.8677058565862762 +0.8777581756955899 
+0.8879519699795395 +0.8982564359498926 +0.9085572934164046 +0.9189890797402784 
+0.9296859748237113 +0.9402123578142361 +0.9502194026580972 +0.9601708601804509 
+0.9703550119484463 +0.9804765690744275 +0.9903135216051683 +1.0000000000000000 
-0.0021658520166765 +0.0096604306252824 +0.0194586988866471 +0.0301804318173721 
+0.0409107676551211 +0.0519469442400577 +0.0626484294331519 +0.0731863305718468 
+0.0837673348577735 +0.0943197407588175 +0.1049849123582677 +0.1150349319462522 
+0.1252141218377594 +0.1353578451244194 +0.1457323802082940 +0.1562249561533487 
+0.1670609809737615 +0.1781153439008788 +0.1889094931768621 +0.1986797641903782 
+0.2087132258199478 +0.2189673471481665 +0.2293142394122119 +0.2395599705486539 
+0.2499152854885336 +0.2606984968659768 +0.2715141106194074 +0.2821434800460724 
+0.2929198110877698 +0.3039522965853832 +0.3149100478356572 +0.3255068852024603 
+0.3359828916467547 +0.3464423936579680 +0.3568082842661956 +0.3672551057370977 
+0.3777677663465217 +0.3885387738371015 +0.3992006535004226 +0.4097843360878943 
+0.4205104341607824 +0.4312018757254671 +0.4419889239707094 +0.4526492769697621 
+0.4631931350311267 +0.4738617725103199 +0.4846215984897099 +0.4953148727433189 
+0.5058271242072612 +0.5165187722690442 +0.5270297018923163 +0.5372696192050631 
+0.5475304025705950 +0.5579534302447258 +0.5683295291027228 +0.5786022630441218 
+0.5891684206760917 +0.6001538329976591 +0.6108653944643345 +0.6215131262923539 
+0.6320446355273138 +0.6427888393957738 +0.6537471312284675 +0.6647713875959934 
+0.6756501495135204 +0.6861988844253007 +0.6967471272004896 +0.7073741129915814 
+0.7179672661837306 +0.7286685725954187 +0.7395677077113425 +0.7507153113866103 
+0.7620018972473021 +0.7727825948340924 +0.7836842122363735 +0.7944763987224912 
+0.8062162728516555 +0.8176712529177936 +0.8288706992344231 +0.8395398564931413 
+0.8499972770588528 +0.8577227920815863 +0.8652482652072055 +0.8726829524385491 
+0.8801255120343444 +0.8903310453766328 +0.9012211414234516 +0.9122866862179592 
+0.9233172929078551 +0.9343273034089258 +0.9452000597828618 +0.9562043369272846 
+0.9671320635971302 +0.9781710067758190 +0.9890714888417783 +1.0000000000000000 
-0.0024896474945353 +0.0104315756181803 +0.0194967652738396 +0.0299940022852633 
+0.0406143525082866 +0.0515314232794317 +0.0625707441724516 +0.0735376947395575 
+0.0844047755459465 +0.0952973742384317 +0.1063771602445020 +0.1175654116289287 
+0.1288440988127025 +0.1397275316761314 +0.1503386024502568 +0.1610228185263748 
+0.1716086613401197 +0.1824371187343432 +0.1931122874643648 +0.2040872452714886 
+0.2149782070743211 +0.2255782953114443 +0.2361677766925607 +0.2467346674511368 
+0.2574177610393052 +0.2682174229334964 +0.2789695007390102 +0.2895577766227912 
+0.3002134499380486 +0.3107532296924554 +0.3208886088178481 +0.3308728510945588 
+0.3410842041533094 +0.3519791191390658 +0.3630217482418245 +0.3739680977855491 
+0.3850259275950177 +0.3961429449366489 +0.4074213959245586 +0.4184149710476064 
+0.4291134449711140 +0.4395005947385016 +0.4497855791603199 +0.4595739446936977 
+0.4672540590642195 +0.4749599210078076 +0.4827139059590958 +0.4909191951429844 
+0.5010720858361573 +0.5114324202456557 +0.5216610241608470 +0.5320390487153737 
+0.5423345620144481 +0.5527729552339694 +0.5633456879970054 +0.5740615645353376 
+0.5848486867521793 +0.5956764211938556 +0.6066745979962309 +0.6176924156459341 
+0.6283782321638015 +0.6389041797149986 +0.6496887864398505 +0.6608637897547683 
+0.6721283764658467 +0.6832768644328042 +0.6944563153734442 +0.7055717655010509 
+0.7164518984968642 +0.7271952084060714 +0.7377664576838401 +0.7480916681554597 
+0.7583295755298550 +0.7687598971771927 +0.7796419747614054 +0.7907584489286006 
+0.8020234680430502 +0.8131075959539894 +0.8233079382232772 +0.8334305451348744 
+0.8438150552993258 +0.8545149577494227 +0.8648458591704213 +0.8749361291184548 
+0.8853752124567316 +0.8959745532971101 +0.9065940929166487 +0.9170421607904466 
+0.9273316838262409 +0.9373080748113747 +0.9474112921508868 +0.9576529489864418 
+0.9682601456550766 +0.9789303825797365 +0.9895544406422223 +1.0000000000000000 
-0.0026441462106286 +0.0100489182918926 +0.0199677101822367 +0.0309110269929453 
+0.0420256674761570 +0.0532416209516316 +0.0642452180755251 +0.0749827806335639 
+0.0852573904360469 +0.0953559690473338 +0.1056713017032851 +0.1163182118516955 
+0.1270924611099685 +0.1379997566512021 +0.1489596032748108 +0.1601576289940856 
+0.1715574934351380 +0.1825538964562297 +0.1934678082579771 +0.2041145405336127 
+0.2149919516638155 +0.2258348359898728 +0.2368790281205546 +0.2481419750083965 
+0.2595402237970853 +0.2706915690063793 +0.2812423129823706 +0.2917809391044891 
+0.3022929978444158 +0.3126767322608245 +0.3228341460524681 +0.3329516534930410 
+0.3431999551403731 +0.3535563506692649 +0.3642831414253107 +0.3751189589416067 
+0.3851951688309079 +0.3955669254977560 +0.4061835031024984 +0.4167485203198396 
+0.4269915110739093 +0.4372127768305791 +0.4478372583328312 +0.4587628040366053 
+0.4697388894299911 +0.4809861168476128 +0.4923101861425552 +0.5034336794460355 
+0.5143160080252750 +0.5250386821754200 +0.5358312813200996 +0.5466334615145986 
+0.5574391034526528 +0.5683930207751406 +0.5794807011973798 +0.5901696136028901 
+0.6005733334479537 +0.6109281706002108 +0.6213311699578422 +0.6318538989073433 
+0.6422689162085975 +0.6529070156415926 +0.6636984311770311 +0.6741513797937905 
+0.6844988858693785 +0.6948982232658567 +0.7050249341133432 +0.7149849984081575 
+0.7248183472650681 +0.7348860633813401 +0.7452248132484870 +0.7555944721951783 
+0.7659794239605309 +0.7762548918227730 +0.7868604054573102 +0.7976740926111132 
+0.8087218738209829 +0.8194793816323258 +0.8300601291314992 +0.8406744041433185 
+0.8510611234838545 +0.8613561902535578 +0.8718858103747495 +0.8828045278135961 
+0.8940504287711906 +0.9049596026232319 +0.9159389501549587 +0.9266148241744598 
+0.9367620826753380 +0.9442053951626673 +0.9518977084545666 +0.9597734557258955 
+0.9678046790414986 +0.9788967459796858 +0.9894366026183091 +1.0000000000000000 
+0.0092598492526040 +0.0247867300096013 +0.0398499400342717 +0.0525613313459517 
+0.0637851575745266 +0.0745047116023543 +0.0850021205152333 +0.0951782299905081 
+0.1052030015501196 +0.1154185800622625 +0.1257933513779926 +0.1363363659383188 
+0.1470483218305761 +0.1578740427530183 +0.1685677988387386 +0.1790164593220711 
+0.1893711481736556 +0.1996847625541984 +0.2099063086746976 +0.2201762396325299 
+0.2306215445044673 +0.2412253487874149 +0.2519017227187897 +0.2625328193114405 
+0.2731715957111939 +0.2838154645193434 +0.2944462052795611 +0.3051385204092879 
+0.3159140796765534 +0.3268177506834131 +0.3377550389103847 +0.3486831596960468 
+0.3597371512945953 +0.3707943262249025 +0.3817400535365535 +0.3924504969880773 
+0.4029115318885384 +0.4134351191434876 +0.4240696674759654 +0.4349746681348071 
+0.4459593110645797 +0.4568585150681106 +0.4677006570465880 +0.4785369065945415 
+0.4893587835397909 +0.5000637349972824 +0.5108458748177958 +0.5216712561607207 
+0.5324798808414494 +0.5433006061336971 +0.5544972855169998 +0.5658704324906443 
+0.5773847386723078 +0.5889471227664793 +0.6004717963986574 +0.6117662635423713 
+0.6229409176666321 +0.6340874392189213 +0.6452112392766469 +0.6563062592399993 
+0.6674237356115825 +0.6785274648050973 +0.6896005933846371 +0.7005673071439658 
+0.7113868088385933 +0.7224116191653064 +0.7337637444111855 +0.7453720311572289 
+0.7568598958136702 +0.7683430092779476 +0.7800308114953185 +0.7917946894188241 
+0.8033862958701092 +0.8147863106322004 +0.8260778844475374 +0.8375497890110771 
+0.8491811995293783 +0.8609982910321967 +0.8729004592563406 +0.8847664167334028 
+0.8965853551728662 +0.9085511032745142 +0.9206831902625482 +0.9328252417912136 
+0.9446800037085670 +0.9556352436859694 +0.9645947159005571 +0.9716711112305111 
+0.9773487994808761 +0.9817944195017797 +0.9852666428385177 +0.9885456562596356 
+0.9916637559671204 +0.9944557237479152 +0.9972316717900744 +1.0000000000000000 
-0.0185706506414454 +0.1107746518690852 +0.1456689354205141 +0.1680444286102905 
+0.1862960906687859 +0.2019102819391441 +0.2155197191257254 +0.2277577843316178 
+0.2387845663039895 +0.2491714813883763 +0.2582205563096751 +0.2667686482426996 
+0.2750300843335066 +0.2831596473613224 +0.2912009132735464 +0.2990979687422412 
+0.3069355633469533 +0.3147387138556784 +0.3225215455662759 +0.3301781304831850 
+0.3375431869962509 +0.3444528088921434 +0.3514686877057926 +0.3581842669009642 
+0.3646838092158158 +0.3709471689062860 +0.3771108917193488 +0.3830664654907178 
+0.3890206480677146 +0.3948944072583634 +0.4007032725407050 +0.4065236938752877 
+0.4122724604077374 +0.4181962062008458 +0.4243212690937800 +0.4303705749715153 
+0.4362767295054905 +0.4420501799740075 +0.4478182672280273 +0.4536760262240625 
+0.4595473921438101 +0.4653557225630099 +0.4711209931845195 +0.4768113379989712 
+0.4824131486376326 +0.4879611787641361 +0.4935237280138426 +0.4991629430788035 
+0.5047444700354736 +0.5103301742664293 +0.5158975402752544 +0.5213349033922716 
+0.5266564769109824 +0.5319978019065410 +0.5374547819069642 +0.5430703447901394 
+0.5489149699157539 +0.5548181066186583 +0.5605533967338923 +0.5663646451263146 
+0.5721125584714677 +0.5778845123696563 +0.5836478094463219 +0.5894465947524475 
+0.5952610441489959 +0.6012188280617499 +0.6074309070331703 +0.6137600401622959 
+0.6201095343695390 +0.6264771109696963 +0.6328549779637601 +0.6392937591356920 
+0.6458975685876421 +0.6527746091965367 +0.6598516233853834 +0.6671919500764897 
+0.6744247608282783 +0.6818750071497448 +0.6893062998994457 +0.6970392101110646 
+0.7050754833328426 +0.7136708261770539 +0.7226266284534298 +0.7295456459983135 
+0.7364613148237753 +0.7435463243660440 +0.7508837593818554 +0.7615124043047626 
+0.7727102154408807 +0.7847530635065414 +0.7981042779108374 +0.8136300850567342 
+0.8318622849572618 +0.8543619847784010 +0.8892822666723482 +1.0000000000000000 
5.96196908609e-10 0.000142288577778 
  <DiscreteSampler_grid>
  Helicity
  1 # grid_type. 1=='ref', 2=='run'
  80 # Attribute 'min_bin_probing_points' of the grid.
  1 # Attribute 'grid_mode' of the grid. 1=='default',2=='initialization'
  0.030 # Attribute 'small_contrib_threshold' of the grid.
  0.333 # Attribute 'damping_power' of the grid.
#  binID   n_entries weight   weight_sqr   abs_weight
    1   7267 4.08853866854e-09 9.40707911384e-17 4.08853866854e-09
    4   6723 3.80814668245e-09 4.7088123407e-17 3.80814668245e-09
    3   85 1.07736306175e-11 9.8095472493e-21 1.07736306175e-11
    2   86 2.6400620475e-13 4.57379467163e-24 2.6400620475e-13
  </DiscreteSampler_grid>
  <DiscreteSampler_grid>
  grouped_processes
  1 # grid_type. 1=='ref', 2=='run'
  10 # Attribute 'min_bin_probing_points' of the grid.
  1 # Attribute 'grid_mode' of the grid. 1=='default',2=='initialization'
  0.030 # Attribute 'small_contrib_threshold' of the grid.
  0.333 # Attribute 'damping_power' of the grid.
#  binID   n_entries weight   weight_sqr   abs_weight
    16   10 0.474548855444 0.254218252277 0.474548855444
    22   10 0.474548855444 0.254218252277 0.474548855444
    10   10 0.474548855444 0.254218252277 0.474548855444
  </DiscreteSampler_grid>
