  0.00033720249516524  0.00034301265005892  0.00034692779539723  0.00035008769815670
  0.00035279173799249  0.00035530359193441  0.00035768106322292  0.00035989170367716
  0.00036181397552638  0.00036340226070096  0.00036470642258664  0.00036588030930705
  0.00036692213902456  0.00036786288084454  0.00036862179981457  0.00036921421958416
  0.00036969302885351  0.00037014828654596  0.00037055511745627  0.00037086491764815
  0.00037111817299262  0.00037134650541259  0.00037154847197866  0.00037174917544417
  0.00037194084732477  0.00037213228752882  0.00037234420438582  0.00037256173372446
  0.00037284957066869  0.00037511724920320  0.00037533214116341  0.00037553445431255
  0.00037571540042106  0.00037589600960867  0.00037606488765297  0.00037623376569728
  0.00037642635222922  0.00037664975458527  0.00037688452033162  0.00037713484962737
  0.00037740409924241  0.00037768512860952  0.00037798576784521  0.00037830665952865
  0.00037866677597733  0.00037911063076922  0.00037973104969910  0.00038038921867977
  0.00038104073691778  0.00038179507290908  0.00038264656997467  0.00038365579994536
  0.00038490035598002  0.00038645997494494  0.00038821191616938  0.00039009014762119
  0.00039208037122336  0.00039417322073820  0.00039640990966674  0.00039897577653022
  0.00040187295148893  0.00040481959956986  0.00040788906585710  0.00041137212653271
  0.00041508495709828  0.00041887094637168  0.00042271898058352  0.00042736155867699
  0.00043233783344878  0.00043723277637104  0.00044157038480737  0.00044620763666892
  0.00045668010197304  0.00046988555154702  0.00048319323227476  0.00049706508791603
  0.00051334801190014  0.00052952929563088  0.00053842553248798  0.00054822978565167
  0.00055963697005854  0.00057219340868909  0.00058579477889866  0.00061370007941956
  0.00064881840588171  0.00069028344632105  0.00073587335349151  0.00078941521165571
  0.00087418056246278  0.00099472173751091  0.00118124298473261  0.00159288475482029
  0.00213731268879926  0.00285378108244704  0.00352275395456640  1.00000000000000000
 -0.00010341459427256  0.00096574043926091  0.00209987647845179  0.00350572717570183
  0.00542796869123170  0.00790538037918776  0.01074007962714882  0.01476729954224645
  0.01855409650103683  0.02179759248944533  0.02629440930076566  0.03293858062864108
  0.03833665055010621  0.04397578513197674  0.04966243561065172  0.05505472961048229
  0.06063382754781439  0.06692268330551003  0.07423641189236718  0.08187447204157829
  0.08959683244848821  0.09763726364660712  0.10642381496840389  0.11542680679093215
  0.12347077883031481  0.13144131121116290  0.14012640247479052  0.15038972397960745
  0.16194402154218929  0.17324012340485329  0.18292380623980647  0.19147503634351748
  0.20012869824804105  0.20958861221008981  0.22130846960919637  0.23720277805269777
  0.25473689315259163  0.26904885688030589  0.27992542123827913  0.28963808834835547
  0.29908640985141072  0.30936786131958571  0.32243973812174953  0.33677325339595715
  0.35415919870583512  0.37128551506112972  0.38724273441862450  0.40167309923463490
  0.41534053493757600  0.42770322771584068  0.43837664692094269  0.44845028923505464
  0.45884944838249264  0.47068849328189294  0.48381788398803272  0.49809539967461341
  0.51137263121818555  0.52507867180892964  0.53824606783297246  0.54999736173466740
  0.56278392038383074  0.57582874897140635  0.58750286630446236  0.59779422374286206
  0.60922492583742294  0.62107022643119614  0.63340330936686107  0.64428638423549767
  0.65513098527494429  0.66621868933598394  0.67900616582873452  0.69098690309811905
  0.70293975192687874  0.71455680875044725  0.73262197179413135  0.74959859928534744
  0.76605185023550171  0.78167516193257036  0.79614594379816883  0.80928968334769003
  0.82371021033087644  0.83746789518190756  0.85098083117945134  0.86405614811381592
  0.87602513162545081  0.88713497656348050  0.89775127109229647  0.90817910958065529
  0.91855912294070396  0.92831022359582771  0.93961477664815052  0.95100527916150801
  0.96313693948046064  0.97593839387653680  0.98826125044417523  1.00000000000000000
 -0.00138650068948415  0.01275122149368694  0.02630473851687786  0.03932903773202173
  0.05150708897399823  0.06375004189690017  0.07746424055856772  0.09227823476287236
  0.10603786437679630  0.11784169384017013  0.12885175651811467  0.13890977823300590
  0.14824502316328886  0.15748887388669169  0.16651587067601364  0.17546758579528723
  0.18414820925298725  0.19357170215258301  0.20528223999086082  0.21858221888064505
  0.22971657186933678  0.23953480995910714  0.24847572007979582  0.25777122808109210
  0.26847577037486314  0.28249718348745101  0.29288445103016258  0.29842667526597888
  0.30400690252045387  0.31111866363289947  0.31877935166117710  0.32602902207160689
  0.33115789527929196  0.33420576721230588  0.33712795970774556  0.34018224625099591
  0.34485150067581999  0.35221337731827629  0.36414320657305493  0.37917648074129567
  0.39359475186482562  0.40763926493448965  0.42116391358139299  0.43523918572263576
  0.44847094912130286  0.46029061455099279  0.47179066975668704  0.48362150927918057
  0.49619947495826283  0.50997309362636345  0.52581908318176618  0.54396114394408790
  0.56214498649441225  0.57807496407769210  0.59194548411859438  0.60505993670643587
  0.61560555736379885  0.62791809551883726  0.64058117208102483  0.65104136485571251
  0.66118345952226965  0.67016311407699625  0.67937494099116924  0.68983761706957658
  0.70024922684207791  0.71034747490099570  0.71911750435330024  0.72781384974081031
  0.73666707371456064  0.74466539157913170  0.75288983048892455  0.76050836729898508
  0.77047186122871758  0.78330149862689513  0.79600084416049166  0.80787099985298283
  0.81858031320111746  0.82763036557124736  0.83807279234967214  0.84855509049472233
  0.85849684507134882  0.86918647653643411  0.87972718212187917  0.88958861319080196
  0.90207570209244026  0.91498375576270685  0.92844954678333136  0.94006165198354430
  0.94735569553563426  0.95397624483957522  0.96091226601586266  0.96756642578259500
  0.97735380867060440  0.98513847514467601  0.99200783727576491  1.00000000000000000
 -0.00434104760858584  0.01998765078054467  0.03575235642046377  0.04963384238000632
  0.06288174961734187  0.07584840458554605  0.08908027780429785  0.10183458732482226
  0.11091273313287925  0.12129857717473609  0.13243202845955018  0.14404364337635395
  0.15620060661131863  0.16742225459313259  0.17742505937235592  0.18756263203153151
  0.19850688049088297  0.21045636732908238  0.22453418691888258  0.24125957245850763
  0.25963925699461088  0.27293307430806762  0.28124618447885835  0.28878817205056967
  0.29766946576196518  0.30612895519054667  0.31291101551325079  0.31969463041042750
  0.32471865754562518  0.32921909960408380  0.33494741918710325  0.34359949218932972
  0.35685495376245785  0.36712649588909874  0.37534841050669798  0.38310153682933501
  0.39100196714482377  0.39840219737881849  0.40698357307235994  0.41860254270477881
  0.43231941920990896  0.44462468714769449  0.45670225105344553  0.46817846371553606
  0.47966763524068062  0.49161772760062949  0.50302015232617692  0.51310154323405666
  0.52507845399393382  0.53784146994241533  0.54970082617218075  0.56057918870844659
  0.57191730911829475  0.58269739335122928  0.59249686236357402  0.60185277464816922
  0.61184878899169859  0.62422274811976253  0.63469243837832323  0.64218934567939012
  0.65031423016912215  0.65882764387044279  0.66850396265584267  0.68174843400473695
  0.69561716126169526  0.70759871912304173  0.71885975406754876  0.72998051251412133
  0.73968762569609414  0.74940081131034408  0.75961813146876589  0.76903460777680999
  0.77849968799474345  0.78789557870905957  0.79652036609741139  0.80463683607826730
  0.81352753483117024  0.82058823605890896  0.82653256412893839  0.83244475150014863
  0.83997331771179107  0.84826199316991258  0.85841214781150532  0.86885685949311264
  0.87908908702085908  0.88842840737739714  0.89763758465691112  0.90698134886607262
  0.91629851012609165  0.92650896252825177  0.93770388421250139  0.94987537941777389
  0.96244195149222878  0.97393353923105974  0.98726233107378913  1.00000000000000000
 -0.00229256122019944  0.01102838328605618  0.02136158243847746  0.03124542734071214
  0.04185897857210788  0.05737674059405511  0.07393154565403277  0.08868353498614044
  0.10335772420403581  0.11745413587932488  0.13335089770080658  0.14884837962758091
  0.16458918752409663  0.17750281245259736  0.18853925463383434  0.19770800080557091
  0.20802371376001455  0.21959005250611327  0.23117065136687784  0.24004788348317288
  0.24826175835097403  0.25689387538563729  0.26357090464337574  0.26990369989179347
  0.27628593451660255  0.28513562386248154  0.29599829989987481  0.30645110601667974
  0.31671342882045744  0.32734288129436601  0.33876807440015261  0.35032259864437243
  0.36198580803847813  0.37105630058457945  0.37650586476367581  0.38097700942069346
  0.38562904854533148  0.39131214804870085  0.39701754288438451  0.40653166155023940
  0.41685630393103995  0.42763289614165656  0.44071751070701226  0.45462927574730849
  0.46896285029044937  0.48353551829558650  0.49813577555149025  0.51350285741075319
  0.52993266295333485  0.54636004237667490  0.56135269787367237  0.57461706249871980
  0.58755071505285439  0.60112184795292167  0.61620570124281160  0.63172376396035246
  0.64488526222560150  0.65521936497254785  0.66362813398290577  0.67055561742532754
  0.67976905974399149  0.68957836547643625  0.69923907341248137  0.70814087254167413
  0.71555291506858598  0.72234421975322349  0.73131582629617120  0.74005945292549835
  0.75030186964484624  0.76083500379544555  0.77110372053938980  0.77995299694588549
  0.78804694677561538  0.79648564015077949  0.80886797392500775  0.82311074779614246
  0.83742388039744298  0.85191153213991988  0.86511866657246950  0.87658500634022207
  0.88742267030641242  0.89956260797039433  0.91404862827049993  0.92946535932668539
  0.94051029733111002  0.94562740475017293  0.95074771051593676  0.95562962221193348
  0.96097413605376258  0.96592640423994902  0.97180804423113754  0.97796397385591172
  0.98380696364633857  0.98910908667512387  0.99434115920266708  1.00000000000000000
 -0.00711402475793474  0.04398468815980676  0.06202268370907459  0.07371440711172110
  0.08340256726596340  0.09265974916860516  0.10097910979898761  0.10710495624189946
  0.11171596336846769  0.11576290697909669  0.11985703539763254  0.12411695427298652
  0.12849677422004435  0.13278363119710701  0.13567755526467232  0.13861589089299384
  0.14170518006067812  0.14486879307430958  0.14820978940345525  0.15299087509022885
  0.15724262247031620  0.16104063816923850  0.16479848828288957  0.16896692260417204
  0.17312384521907773  0.17723018427293924  0.18130336626141222  0.18535216519606501
  0.18986238780113437  0.19440174078869873  0.19843016511763401  0.20301719190143180
  0.20803387714484209  0.21305694505785705  0.21754341456278795  0.22192352922968539
  0.22706863593590793  0.23071310769724854  0.23365621258529592  0.23708166537298767
  0.24037687205761626  0.24331188371389173  0.24625793570753077  0.24945327423312857
  0.25344534005680369  0.25725125906961066  0.26077937128257989  0.26451312839575142
  0.26876258587332363  0.27259959088834718  0.27541657923144003  0.27822735965566392
  0.28142712106267581  0.28528762215412989  0.28978296100276035  0.29650826357516968
  0.30504189184815916  0.31343812846723063  0.32206808820408928  0.33197126926979464
  0.34062511989536848  0.34893651479261373  0.35680377133980856  0.36491248723174408
  0.37389408986959960  0.38353301202651890  0.39389617453834341  0.40457050528256316
  0.41563059792593915  0.42740926803501467  0.43988725298902531  0.45260717049149873
  0.46634503436606622  0.48049445257423368  0.49367471202827989  0.50607166201663156
  0.51708136193671395  0.52868945940508716  0.53931287097254277  0.55215686386833884
  0.56722070016626547  0.58144163910994295  0.59046765326584671  0.59916393642124299
  0.60974646175581093  0.62354096385524083  0.64544178503095995  0.67134089843595224
  0.69927031423827335  0.72427239171333380  0.75354821108574832  0.79796923226375283
  0.83236642466176425  0.86341223693015912  0.90211044134264928  1.00000000000000000
 -0.01281492032140606  0.11357792714900863  0.14924527306975660  0.17087931889794361
  0.18857465750219732  0.20423763347135268  0.21993088661442603  0.23309916550924470
  0.24484488243630931  0.25530876246470458  0.26619778602164063  0.27629008465147731
  0.28590622768226381  0.29565795201304801  0.30436897168985044  0.31305555753900960
  0.32127690859330010  0.32901967120865200  0.33638403667662503  0.34264185637294714
  0.34867591759373223  0.35481264569932530  0.36150020375720310  0.36811783127823211
  0.37435237837020929  0.38017024734100974  0.38589835004831097  0.39186380826098816
  0.39754066940622612  0.40325009948358403  0.40955592340319746  0.41603209282056225
  0.42224506175576454  0.42811320075833387  0.43368385354364014  0.43985085532442952
  0.44637076446930002  0.45336225779400230  0.45947278969665672  0.46400071251386776
  0.46814001655076859  0.47276122749729477  0.47856707158692852  0.48471394688046560
  0.49010178672027982  0.49419421191043067  0.49773307930637145  0.50143833801647841
  0.50556431655324718  0.51001639397966381  0.51424825714465705  0.51825637456706464
  0.52356977184384002  0.52995109742749624  0.53628965547869067  0.54264153867265885
  0.54920220152263988  0.55518727138213098  0.56138900793281399  0.56757050023636835
  0.57277843729637246  0.57649098100661134  0.58027727925537365  0.58384417081432305
  0.58807644121470548  0.59285505712608277  0.59709623608586215  0.60220756335430181
  0.60820082497567252  0.61414503909388940  0.62119703970123830  0.62775512338417405
  0.63580165592833415  0.64480904011312312  0.65443821046770601  0.66419070344913889
  0.67287414067194695  0.68194077174317735  0.69263734181734604  0.70411324779248086
  0.71544182060992878  0.72574101295456883  0.73436646487568247  0.74151376789401213
  0.74905706676827322  0.75690422680684055  0.76586590290599466  0.77558425751716276
  0.78575390220645114  0.79793244895901938  0.81465891994975015  0.83184750982486055
  0.84722572011524733  0.86550299291324939  0.89298480071366082  1.00000000000000000
   5.5006706945400003E-011   3.2196093333300001E-006
  <DiscreteSampler_grid>
  Helicity
  1 # 1 for a reference and 2 for a running grid.
  80 # Attribute 'min_bin_probing_points' of the grid.
  1 # Attribute 'grid_mode' of the grid. 1=='default',2=='initialization'
  0.0300000000000000 # Attribute 'small_contrib_threshold' of the grid.
  0.3330000000000000 # Attribute 'damping_power' of the grid.
 # binID   n_entries weight   weight_sqr   abs_weight
    1   2888   1.940005340090720E-010   1.693453504085219E-018   1.940005340090720E-010
    2   102   2.594963724088461E-012   2.545976520871808E-022   2.594963724088461E-012
    3   129   6.293037764294314E-012   3.589073430712289E-021   6.293037764294314E-012
    4   5710   2.693564187872054E-010   3.788488136280564E-017   2.693564187872054E-010
  </DiscreteSampler_grid>
  <DiscreteSampler_grid>
  grouped_processes
  1 # 1 for a reference and 2 for a running grid.
  10 # Attribute 'min_bin_probing_points' of the grid.
  1 # Attribute 'grid_mode' of the grid. 1=='default',2=='initialization'
  0.0300000000000000 # Attribute 'small_contrib_threshold' of the grid.
  0.3330000000000000 # Attribute 'damping_power' of the grid.
 # binID   n_entries weight   weight_sqr   abs_weight
    16   10   7.143713464800000E-003   1.775819985710000E-004   7.143713464800000E-003
    22   10   7.143713464800000E-003   1.775819985710000E-004   7.143713464800000E-003
    10   10   7.143713464800000E-003   1.775819985710000E-004   7.143713464800000E-003
  </DiscreteSampler_grid>
