  0.00033393562694314  0.00035298356164100  0.00036703500921253  0.00038033545498524
  0.00039302880392232  0.00040536962962806  0.00041595081734231  0.00042591188797909
  0.00043601579809533  0.00044580213346510  0.00045510814725535  0.00046389480785090
  0.00047254791515304  0.00048086024727009  0.00048924209752988  0.00049754426451400
  0.00050568178517601  0.00051375057997735  0.00052192488312906  0.00053012460477041
  0.00053810777855621  0.00054747343425247  0.00055737451026982  0.00056782117134577
  0.00057798391466487  0.00058843121640581  0.00060041859891077  0.00061201906830122
  0.00062318420498817  0.00063365876825185  0.00064502824118724  0.00065792038740559
  0.00067250546629951  0.00068742703831774  0.00070328161516199  0.00071955304714665
  0.00073633105928706  0.00075107219945956  0.00076580198590834  0.00078131310676455
  0.00078891720856327  0.00079143084787187  0.00079394448718047  0.00079645812648907
  0.00079897176579767  0.00080148540510628  0.00080399904441488  0.00080651268372348
  0.00080902740987842  0.00081154227201209  0.00081405713414576  0.00081657199627943
  0.00081908685841310  0.00082160172054677  0.00082411658268044  0.00082663165951368
  0.00082914782664608  0.00083166399377848  0.00083418016091088  0.00083669632804328
  0.00083921249517569  0.00084172866230809  0.00084424482944049  0.00085648147782009
  0.00088151776433699  0.00090715673938284  0.00093406875291909  0.00096783036549172
  0.00100226439714169  0.00104705735889508  0.00110630623989009  0.00117359917617049
  0.00125753538522139  0.00136316775515299  0.00147784724586620  0.00158221081939864
  0.00168729119618499  0.00179723354902351  0.00192734302361619  0.00206221247327935
  0.00219858697969530  0.00235277645392616  0.00252939474087332  0.00278530358520060
  0.00308611505215012  0.00339614079242811  0.00371348477111000  0.00408446023527893
  0.00445477854063074  0.00493350215021534  0.00576161673899506  0.00656274152484216
  0.00909127320248196  0.01398834556040481  0.01454746504184088  1.00000000000000000
 -0.00002761844408725  0.00043892335927803  0.00083506748716875  0.00131037853460335
  0.00197868959697055  0.00281107803936506  0.00378739409788261  0.00495242202168641
  0.00627451518697674  0.00793803445146013  0.00973679909668804  0.01187141281074617
  0.01432574898937991  0.01694832558664154  0.01976178986865926  0.02297692889240501
  0.02650357293675306  0.03050240032671061  0.03488636080912520  0.03967715936046828
  0.04491939979388748  0.05068033868473296  0.05725487927692487  0.06445974482094424
  0.07206939669585508  0.08050187686270792  0.08948309043304638  0.09841447748439119
  0.10796791782873194  0.11735108371661254  0.12651316297454851  0.13564645068625039
  0.14640739323769505  0.15768246235416489  0.16976209787331392  0.18245536759266423
  0.19459090222718345  0.20637045070462406  0.21860085763586873  0.23099860097352543
  0.24408195797197305  0.25890192461213779  0.27675868482087335  0.29357355147403202
  0.29717973253790292  0.29909885818812354  0.30101798383834416  0.30293710948856478
  0.30485623513878540  0.30677536078900602  0.30869448643922665  0.31059408661709048
  0.31243718629355210  0.31428028597001378  0.31612338564647546  0.31796648532293709
  0.31980958499939877  0.32165268467586045  0.32349578435232207  0.32533803481896983
  0.32717979100745215  0.32902154719593452  0.33086330338441683  0.33270505957289914
  0.33454681576138151  0.33638857194986382  0.33834696471498987  0.35365556751084432
  0.36963845150252234  0.38802008075072930  0.40633261723190039  0.42363019923931355
  0.44068635232486086  0.45738609144509013  0.47445152316286937  0.49287002694689447
  0.51179039943551996  0.53234938600907622  0.55409021372776668  0.57750893015070615
  0.60110152034877984  0.62433969355225172  0.64735974459690171  0.67137264197826507
  0.69541769019052824  0.71765530346513884  0.74217057633368544  0.76660302250532997
  0.79306560175142649  0.82029662040355156  0.84699384887773987  0.87381010381987079
  0.90152099287879961  0.93263501511605040  0.96607088938427477  1.00000000000000000
 -0.00141951668645876  0.01045923355877203  0.02166018969845309  0.03341007741879792
  0.04576962666719057  0.05718812083462316  0.06963259074955523  0.08237476322245452
  0.09494481414905755  0.10739130213764925  0.11996213586520534  0.13247103905809293
  0.14561588838594719  0.15824724237430432  0.17073212108237001  0.18315552371330718
  0.19497189976508655  0.20675094973815794  0.21985438268148483  0.23467095413802597
  0.25010749517326503  0.26469800367808677  0.27801165534006883  0.29115862626920519
  0.30485177140673375  0.31819974244437643  0.33182729505032255  0.34657896860953075
  0.35911768608039596  0.37025812670515390  0.38056302418557569  0.38992943953718362
  0.39937484575443299  0.41013050076487612  0.42300787186684502  0.43777673062246536
  0.45327239048146367  0.46836765089493837  0.48270946083203653  0.49609610954978967
  0.50864380863491454  0.52136892693754444  0.53524989481408480  0.55177713077904922
  0.56850959062847306  0.58293399203187668  0.59717556486964274  0.61127397702558228
  0.62471478989638174  0.63768828729758131  0.64988597670428161  0.66243326098853283
  0.67490921434909956  0.68567006182113321  0.69539661137105324  0.70383220930115853
  0.70513688938374608  0.70644156946633363  0.70774624954892118  0.70905092963150873
  0.71035560971409628  0.71166028979668383  0.71297584691371452  0.71429693725304799
  0.71561802759238136  0.71693911793171483  0.71826020827104819  0.71958129861038156
  0.72090316236326601  0.72222891768336384  0.72355467300346155  0.72488042832355926
  0.72620618364365697  0.72753193896375479  0.72885769428385250  0.73912951607080823
  0.75286551671723279  0.76624826676111901  0.77930434785265201  0.79231948990860324
  0.80518461302819178  0.81816704099758719  0.83165719273940120  0.84425891166048339
  0.85593161628389380  0.86660985670124235  0.87769791974725164  0.88982149732013593
  0.90312094023948042  0.91729055058706321  0.93071569166910528  0.94391817832500957
  0.95724287029318234  0.97090868479782211  0.98512643495547991  1.00000000000000000
 -0.00115368150404023  0.01285598024081983  0.02587218266923599  0.03967074540930549
  0.05282275586029191  0.06457635946664587  0.07545803724903076  0.08639840118724722
  0.09850091197662279  0.11203863251579679  0.12633302844465277  0.13696832028127104
  0.13871016383312240  0.14045200738497374  0.14219385093682510  0.14393569448867646
  0.14567753804052783  0.14741938159237919  0.14915704827776977  0.15089378685252283
  0.15263052542727590  0.15436726400202894  0.15610400257678200  0.15784074115153507
  0.15954624127690981  0.16119606987039231  0.16284589846387482  0.16449572705735732
  0.16614555565083983  0.16779538424432230  0.16944521283780481  0.18074420800607396
  0.19293871083198727  0.20486791781114294  0.21840586768442727  0.23212674045644810
  0.24529121729295483  0.25801035158270375  0.27090032231193972  0.28234761922399615
  0.29366229904225727  0.30453512176220071  0.31486757262707160  0.32545113440060691
  0.33761127083205483  0.35056871995813876  0.36260765678831558  0.37446262683544068
  0.38657422465600388  0.39937164864430091  0.41238586235128333  0.42578498690413696
  0.43976926894757107  0.45503933498431076  0.46964313536707253  0.48439169794723363
  0.49880507986426004  0.51126816176430567  0.52303929627509149  0.53470953950875866
  0.54611135030210245  0.55747408927240205  0.57085234206556579  0.58619597885668351
  0.60176914385598257  0.61616222924307407  0.62937715507039316  0.64226019931804168
  0.65710605106279851  0.67187018724615366  0.68516397311541155  0.69880242374914625
  0.71231054985194608  0.72549462506986762  0.73888717293640149  0.75289368492230280
  0.76548206265152574  0.77781152149167065  0.79025128109717269  0.80301062989217031
  0.81570857275002007  0.82701333398384247  0.83853136521050875  0.84985530469283144
  0.86131492419427536  0.87262482569998512  0.88428345958661581  0.89639882737954313
  0.90980568621423996  0.92352472633979199  0.93670659655071842  0.94994981919597676
  0.96323993276688091  0.97588717845450990  0.98828768412436929  1.00000000000000000
 -0.00300685597344465  0.01721421679183613  0.03338688059038313  0.04885855622618401
  0.06309592100668449  0.07427318114709039  0.08583621833021385  0.09603958216384459
  0.10549584345851698  0.11485473515388389  0.12563242412208586  0.13732415160005215
  0.14896695303018004  0.16129768251637808  0.17515421774131634  0.19100408785584896
  0.20518684337510054  0.21863439723210593  0.23259590488806989  0.24535461544622966
  0.25905814478411260  0.27405678210133511  0.29007944281096776  0.30464805639645481
  0.31748934153737884  0.32873041712203166  0.33925889660031555  0.34963151417367333
  0.36031585019153223  0.37121649501231657  0.38357686194356261  0.39684392012292280
  0.41125030687247677  0.42455013054334440  0.43523388610384406  0.44610263858976423
  0.45687548488583041  0.46717364298048969  0.47758349628703045  0.48993656325399909
  0.50306198398319946  0.51300180565270237  0.51432155908808008  0.51564131252345780
  0.51696106595883551  0.51828081939421322  0.51960057282959093  0.52092032626496854
  0.52226627314347163  0.52371075079896134  0.52515522845445117  0.52659970610994100
  0.52804418376543072  0.52948866142092055  0.53093313907641027  0.53237665814872648
  0.53381299401040472  0.53524932987208285  0.53668566573376109  0.53812200159543933
  0.53955833745711745  0.54099467331879569  0.54266800121828962  0.55481144394337978
  0.56697082510659669  0.57923251909217444  0.59231030196366008  0.60489306663328346
  0.61699353298254178  0.62994820834704757  0.64444680805378196  0.65851882984167909
  0.67244112344796880  0.68554105356804085  0.69700000276290286  0.70761691844468100
  0.72062919828955085  0.73327052880548294  0.74558539563750437  0.75966026547222520
  0.77527734702781803  0.79246307681208261  0.81021556610708179  0.82735195972624698
  0.84412270380810650  0.86050886272338978  0.87577713575943983  0.89008541739563685
  0.90318886934036224  0.91618840392251821  0.92910314472682420  0.94268973384870614
  0.95781720431498407  0.97244500633834507  0.98638613770657102  1.00000000000000000
  0.00117211695811918  0.03539779666208427  0.06015075117107112  0.08242445827423996
  0.10337096437457703  0.12237156492190775  0.13865587583224950  0.15375188821039809
  0.16862585320164497  0.18544386447025615  0.20233956891103488  0.21709582438316602
  0.23152160460695484  0.24656563578530671  0.26054415586988938  0.27457972311676754
  0.28937180230267218  0.30396062363684473  0.31818863385914103  0.33253854175505626
  0.34858260399748831  0.36626506111934515  0.38377360191877763  0.40020492788386308
  0.41414464004700247  0.42602640282727894  0.43700029523475309  0.44711090312140744
  0.45658351100285033  0.46457061536979399  0.47195735331745192  0.47955526046837299
  0.48732659290964103  0.49477336896486485  0.50177700727991181  0.50815863501051051
  0.51442153309881344  0.52025831737426020  0.52645367368820373  0.53246179012384376
  0.53869619416314463  0.54472093689072831  0.55067142955249504  0.55683767508136828
  0.56307210271331654  0.56939528860944622  0.57038800830033032  0.57122404681556038
  0.57206008533079045  0.57289612384602051  0.57373216236125057  0.57456820087648064
  0.57540423939171070  0.57624047778867082  0.57707684147955185  0.57791320517043288
  0.57874956886131379  0.57958593255219482  0.58042229624307584  0.58125865993395676
  0.58210272834785393  0.58296863867907411  0.58383454901029419  0.58470045934151438
  0.58556636967273445  0.58643228000395464  0.58729819033517472  0.58816410066639491
  0.59475030333977685  0.60143177640746537  0.60781618761045819  0.61428897084420331
  0.62124114803779806  0.62932454209328792  0.63766809906798705  0.64544205197789817
  0.65322166266212789  0.66161242764137351  0.67138272320232895  0.68291698408301049
  0.69545768474621106  0.70908874105022823  0.72408236360028466  0.73950308811942211
  0.75565225195590524  0.77143961598109723  0.78740188793409871  0.80229810436558502
  0.81802000664188013  0.83473485393198477  0.85279853985492060  0.87199405340245295
  0.89359791072964312  0.92114371809534501  0.95392826788099772  1.00000000000000000
 -0.00685073909834932  0.05274028173552055  0.09545787696099930  0.13287336708749697
  0.15603715559528689  0.17599974800768961  0.19465363240444691  0.21136736729146144
  0.22613112793075243  0.24020075521279724  0.25321277943797971  0.26403136345434258
  0.27454014068730576  0.28489506909419587  0.29489105993700304  0.30437614539022101
  0.31363079424135559  0.32425732225806092  0.33478997843903663  0.34504617459113618
  0.35504671397473025  0.36465800203868132  0.37383829912545763  0.38222984442147090
  0.39112569467119801  0.40036946499328763  0.40916129705186066  0.41767928847293950
  0.42609714701656037  0.43442751773296384  0.44185972546469460  0.44920737427639851
  0.45726853093740172  0.46550287017590264  0.47302639423606424  0.47962542804256308
  0.48057486306582697  0.48152429808909086  0.48247373311235475  0.48342316813561864
  0.48437260315888253  0.48532203818214642  0.48627148794407954  0.48722126271002802
  0.48817103747597651  0.48912081224192505  0.49007058700787354  0.49102036177382202
  0.49197013653977056  0.49291991130571905  0.49386904630615569  0.49481813343163883
  0.49576722055712197  0.49671630768260505  0.49766539480808819  0.49861448193357127
  0.49956356905905441  0.50535577225408423  0.51228861373494650  0.51976541758414707
  0.52703515664407519  0.53405089369953618  0.54037815970800229  0.54651983458910258
  0.55281079559822632  0.55954464612049448  0.56824004036746589  0.57769419664016075
  0.58742397488165943  0.59669421360468244  0.60537902752229111  0.61272925998009098
  0.61989176871989848  0.62691405955042834  0.63380306829703581  0.64092152617449694
  0.64877397156128214  0.65699470213522293  0.66511270192352900  0.67540471234342092
  0.68660337724847598  0.69767955565169903  0.70861981296955856  0.71959548639882709
  0.73155598607102434  0.74401102494060301  0.75660559386631865  0.76847069701294779
  0.78073584263695073  0.79366351680051750  0.80796356417134740  0.82524766894818502
  0.84672736312085839  0.87443136131289556  0.91350581232625394  1.00000000000000000
   8.9104877601100002E-013  -1.0000000000000000     
  <DiscreteSampler_grid>
  Helicity
  1 # 1 for a reference and 2 for a running grid.
  80 # Attribute 'min_bin_probing_points' of the grid.
  1 # Attribute 'grid_mode' of the grid. 1=='default',2=='initialization'
  0.0300000000000000 # Attribute 'small_contrib_threshold' of the grid.
  0.3330000000000000 # Attribute 'damping_power' of the grid.
 # binID   n_entries weight   weight_sqr   abs_weight
    1   1669   2.710516570786156E-012   1.299469606001627E-022   2.710516570786156E-012
    2   83   1.319875198499432E-015   1.159677403522929E-028   1.319875198499432E-015
    3   82   5.893410299697402E-013   2.846700226899368E-023   5.893410299697402E-013
    4   1663   2.729754119719651E-012   2.183254947189119E-022   2.729754119719651E-012
  </DiscreteSampler_grid>
  <DiscreteSampler_grid>
  grouped_processes
  1 # 1 for a reference and 2 for a running grid.
  10 # Attribute 'min_bin_probing_points' of the grid.
  1 # Attribute 'grid_mode' of the grid. 1=='default',2=='initialization'
  0.0300000000000000 # Attribute 'small_contrib_threshold' of the grid.
  0.3330000000000000 # Attribute 'damping_power' of the grid.
 # binID   n_entries weight   weight_sqr   abs_weight
    10   10   2.746500442510000E-005   2.604600022730000E-009   2.746500442510000E-005
    22   10   2.746500442510000E-005   2.604600022730000E-009   2.746500442510000E-005
    16   10   2.746500442510000E-005   2.604600022730000E-009   2.746500442510000E-005
  </DiscreteSampler_grid>
