+0.0301286869571500 +0.0386608293328235 +0.0470145163833472 +0.0578137077874855 
+0.0682029428212677 +0.0788998837167298 +0.0896076423857969 +0.1000289617279304 
+0.1107973328369230 +0.1218474911295436 +0.1325483433242048 +0.1432672999898394 
+0.1536515269912404 +0.1634457076258084 +0.1728192307564788 +0.1823732344390121 
+0.1924927686338911 +0.2028260966794538 +0.2124181772548663 +0.2212466103935829 
+0.2301454681972398 +0.2389653632275820 +0.2479496025601044 +0.2568563767612070 
+0.2656636303851309 +0.2749414465755285 +0.2850181399600012 +0.2954295437141219 
+0.3062491839898957 +0.3167871111803475 +0.3269007903909605 +0.3374673646846376 
+0.3487159163147279 +0.3601165758129328 +0.3715557091480309 +0.3833944589064212 
+0.3952216401145896 +0.4062225557927340 +0.4171681413323228 +0.4283349451299356 
+0.4395281905032339 +0.4506555064128031 +0.4617881624041146 +0.4727498888413094 
+0.4827900808989013 +0.4924527572369761 +0.5021660176145600 +0.5114198101164632 
+0.5204804609943718 +0.5296213456587185 +0.5390749515586988 +0.5487763707918625 
+0.5586581211220109 +0.5688745277192980 +0.5793454252881282 +0.5899244960451805 
+0.6005965363029457 +0.6114188829572227 +0.6225352148738711 +0.6337230131546049 
+0.6451772219275108 +0.6568281648960634 +0.6684191081776103 +0.6783413858170066 
+0.6884645037073022 +0.6987876884899004 +0.7086061463287588 +0.7183870186645051 
+0.7282062417536891 +0.7393279718695023 +0.7506361934355279 +0.7607180995042722 
+0.7705870256918445 +0.7803862624020727 +0.7904885984485348 +0.8005517754407846 
+0.8104603301488887 +0.8209599423020187 +0.8313258787347350 +0.8409133899549781 
+0.8501577765589134 +0.8594321823611086 +0.8690349061257152 +0.8783523310337794 
+0.8876444715851259 +0.8971817024806800 +0.9075955421933116 +0.9174893621000767 
+0.9265577003159396 +0.9355790660796501 +0.9448222067448726 +0.9540889084717087 
+0.9625923216207468 +0.9667404511122253 +0.9667404511122353 +0.9688086610034399 
-0.0000998134112641 +0.0009357899074768 +0.0020815685621556 +0.0037458821932530 
+0.0058733583612295 +0.0083692595980138 +0.0112948286974051 +0.0146559636859723 
+0.0184637270826541 +0.0225987383228947 +0.0273543736636298 +0.0322064066755786 
+0.0372701584431541 +0.0427914388304842 +0.0484481947719251 +0.0543023625464032 
+0.0604259100856472 +0.0667461912472709 +0.0732629935182045 +0.0801372895838573 
+0.0876997287314140 +0.0956057402662147 +0.1036848172197064 +0.1117746291537942 
+0.1199711979930263 +0.1286301003126584 +0.1375049464184279 +0.1463638744346339 
+0.1554396362661038 +0.1644920376761355 +0.1735653082253350 +0.1829328077123319 
+0.1923127241453772 +0.2014194886223047 +0.2106217802434199 +0.2202306892102271 
+0.2302606066740375 +0.2406303534973894 +0.2513301141032420 +0.2622734140954647 
+0.2732080995085697 +0.2840926373517851 +0.2951552246181254 +0.3064846008462868 
+0.3172321326804319 +0.3282969203922722 +0.3392749810245461 +0.3508215596252113 
+0.3627453289613547 +0.3749548714362461 +0.3870756061345099 +0.3992879567713360 
+0.4118848992655399 +0.4248101846019144 +0.4378910762156907 +0.4504197561092558 
+0.4624175022471911 +0.4745824062840225 +0.4869975893981589 +0.4993564451676084 
+0.5114531634095960 +0.5235027604546346 +0.5359461205039345 +0.5479821296376642 
+0.5610400045249530 +0.5746802159973315 +0.5887379698586227 +0.6028814786096853 
+0.6165145615136378 +0.6296826339280687 +0.6429701654130424 +0.6561900419025123 
+0.6692963373546719 +0.6822014870216594 +0.6947518139366360 +0.7072919904744593 
+0.7203105083437511 +0.7338805333935897 +0.7475305454892415 +0.7610929305458656 
+0.7747822006146162 +0.7886048334916190 +0.8033956023325470 +0.8183021091320810 
+0.8330374826119863 +0.8479325556319526 +0.8644695085506160 +0.8807640060052511 
+0.8969448999244122 +0.9126912208347783 +0.9272665721951447 +0.9422417083537341 
+0.9573278305150558 +0.9720438491871785 +0.9862127820010801 +1.0000000000000000 
-0.0021539207332473 +0.0094505157021756 +0.0190899248605899 +0.0291630967118945 
+0.0394998448531477 +0.0500263504339912 +0.0606815070344923 +0.0712735647731279 
+0.0809444365449907 +0.0905191770232310 +0.1005482521781950 +0.1106159969141978 
+0.1220584062836869 +0.1327501514289459 +0.1438049575639133 +0.1543595224818491 
+0.1648657032092867 +0.1752514153664864 +0.1853431335527765 +0.1955974158339326 
+0.2058778646212843 +0.2169859195313555 +0.2284437449962313 +0.2400190420541466 
+0.2515883464434255 +0.2627269246013545 +0.2733988102107865 +0.2835465104125989 
+0.2937623800689474 +0.3042186062579555 +0.3156255011713121 +0.3277322579818754 
+0.3403567495980281 +0.3522437368824697 +0.3632289146626610 +0.3735926005617164 
+0.3836322469108989 +0.3936275380881121 +0.4040995822355508 +0.4152475473740155 
+0.4278221147753713 +0.4406024427360875 +0.4527189258161505 +0.4642414086629574 
+0.4753988572254657 +0.4862358963200245 +0.4972075587903809 +0.5084978999669844 
+0.5195281045269253 +0.5300282836747333 +0.5400670810562238 +0.5500493861251274 
+0.5597673300699746 +0.5694526193563317 +0.5793771045925598 +0.5894657773240157 
+0.5995466390729172 +0.6096583863949427 +0.6197143132351580 +0.6292645450865878 
+0.6384264806789087 +0.6478706896454307 +0.6578576672938459 +0.6681934330941343 
+0.6784762590261894 +0.6886551126170518 +0.6988566527345864 +0.7089090074028889 
+0.7188713664001570 +0.7289199660327051 +0.7391965734189336 +0.7493789734446408 
+0.7603575866189046 +0.7711877594640895 +0.7825565974664247 +0.7939869870949851 
+0.8037997904593659 +0.8147158709892574 +0.8242939004461257 +0.8337377135357041 
+0.8425110809147199 +0.8514498242892747 +0.8611635558493582 +0.8712665241268922 
+0.8817955060655993 +0.8920517685552459 +0.9022639984149030 +0.9123845320826321 
+0.9229940464109379 +0.9345122416077963 +0.9462555671269497 +0.9586276198858308 
+0.9688083389555679 +0.9793470526882022 +0.9892155398478761 +1.0000000000000000 
-0.0023569277512969 +0.0095864107027814 +0.0194539941457930 +0.0297505172873573 
+0.0404828196133295 +0.0514384362326486 +0.0623266754358772 +0.0722504801931062 
+0.0823601220012674 +0.0918300273403499 +0.1016361217073217 +0.1108873100505100 
+0.1202968562157504 +0.1298280921630661 +0.1395197360207876 +0.1491997941270706 
+0.1594921859623053 +0.1702215937612614 +0.1821745591223343 +0.1940630238335418 
+0.2055627413589545 +0.2167084871203606 +0.2273192065712307 +0.2375789790073296 
+0.2473092882922389 +0.2569494301694902 +0.2662096137614926 +0.2751089853349837 
+0.2839381128853826 +0.2929654657612425 +0.3021186639447758 +0.3112557497929478 
+0.3205054185452228 +0.3299455628436059 +0.3399681902210086 +0.3504298645981279 
+0.3611047470908946 +0.3718417804263619 +0.3823438957552564 +0.3926211159588276 
+0.4026717056396632 +0.4124938159543284 +0.4225393159077749 +0.4330755010064171 
+0.4440643552547168 +0.4553519557687192 +0.4667343396478671 +0.4781585038003449 
+0.4902380330406799 +0.5021492039082216 +0.5143629855350481 +0.5264438388306423 
+0.5385114680775753 +0.5500806150963892 +0.5613718398816165 +0.5720546196879420 
+0.5828494548308645 +0.5939227643377660 +0.6049028520556746 +0.6158481458581082 
+0.6266346695947067 +0.6373262488391606 +0.6479898963234110 +0.6585339200007574 
+0.6690934938501317 +0.6802527040021920 +0.6910398244969093 +0.7014936837565280 
+0.7119098593752623 +0.7229945828669697 +0.7332017383309500 +0.7434610546166688 
+0.7536179014405142 +0.7629255662356633 +0.7717917180920024 +0.7805618716034184 
+0.7900913157976223 +0.8002351430705308 +0.8105412636922417 +0.8208297929215770 
+0.8308946766962587 +0.8410447293188851 +0.8514827652597290 +0.8620916652978194 
+0.8725531902367080 +0.8827893473531377 +0.8930849972069305 +0.9037427686138073 
+0.9148879897059496 +0.9259313095157862 +0.9370703206470985 +0.9489885378602746 
+0.9612800796571307 +0.9735512786492783 +0.9865729759742633 +1.0000000000000000 
-0.0024892575360900 +0.0110589495080014 +0.0221476076458628 +0.0339252277854257 
+0.0448467586869057 +0.0553345293889974 +0.0657788224041297 +0.0765200035960388 
+0.0874482680051723 +0.0982119359707748 +0.1087832836686984 +0.1193316528167614 
+0.1308554440024382 +0.1431411382669407 +0.1549241092568786 +0.1660369252329892 
+0.1764350468744231 +0.1863646860085841 +0.1963417795886548 +0.2063136238177430 
+0.2165705353115173 +0.2265226815181196 +0.2374459375850105 +0.2489991413712726 
+0.2606856495706356 +0.2722803260082656 +0.2841364227303017 +0.2954348225133817 
+0.3059995822929394 +0.3165958751629303 +0.3275573971972071 +0.3387991342914378 
+0.3503060430407129 +0.3620311563514057 +0.3732845134328970 +0.3834606866839474 
+0.3931252280459480 +0.4030573469255969 +0.4132229393813625 +0.4234934639940114 
+0.4336686862867081 +0.4444128775973480 +0.4559008386622116 +0.4683936807589037 
+0.4814169915769708 +0.4935442627463343 +0.5050785275182136 +0.5163392388870381 
+0.5267111830439321 +0.5369179314437927 +0.5477479060586135 +0.5594018263618726 
+0.5707594243869387 +0.5815977708097499 +0.5925036576711666 +0.6034333817653273 
+0.6137541764047182 +0.6240266677760657 +0.6343416693775056 +0.6453576553631457 
+0.6562911848136685 +0.6675293053117133 +0.6791883743810390 +0.6901813817116897 
+0.7003372556563408 +0.7105957432369576 +0.7209759266823378 +0.7309838951164712 
+0.7405707446562741 +0.7502703952159682 +0.7611961128860659 +0.7715426932997745 
+0.7814348984980836 +0.7915105085050264 +0.8018534137938079 +0.8128882127014729 
+0.8231318269383617 +0.8332033926196496 +0.8424156981048954 +0.8510370705504068 
+0.8594444107121614 +0.8679987044691361 +0.8767772301798764 +0.8856400817579027 
+0.8946021587289313 +0.9040283095891456 +0.9134181035087353 +0.9233876723454023 
+0.9335805938487778 +0.9432920211457271 +0.9529633107454212 +0.9628197579733403 
+0.9729021077556523 +0.9823154100252522 +0.9912730585199306 +1.0000000000000000 
-0.0008343352402892 +0.0089692587079937 +0.0152297625976947 +0.0204275933685481 
+0.0249927632452862 +0.0292051830544099 +0.0332057037844837 +0.0370524397374706 
+0.0407690280507128 +0.0443038592350863 +0.0477679715537824 +0.0512806433233402 
+0.0547228552042069 +0.0580839897265134 +0.0613898783302798 +0.0647106823146725 
+0.0680284847370081 +0.0713585893152453 +0.0746742987909805 +0.0779670799024154 
+0.0812636096351170 +0.0845753516646672 +0.0879584344087264 +0.0912815610805313 
+0.0946202362329820 +0.0979730827230231 +0.1013388857865606 +0.1048229153242865 
+0.1084551906222375 +0.1120429283040458 +0.1155556079544209 +0.1191207394469215 
+0.1226841723241891 +0.1262410816926100 +0.1297748692889804 +0.1332437041387771 
+0.1366866364540409 +0.1400841011223842 +0.1435189204548888 +0.1470290346177695 
+0.1506451619072318 +0.1543724885184771 +0.1581855275899821 +0.1620461318265443 
+0.1659340536289433 +0.1698036142125294 +0.1735851781798146 +0.1774430584749249 
+0.1813770653027668 +0.1853671606191297 +0.1895568368710626 +0.1939174736405329 
+0.1983353374927655 +0.2027745530789014 +0.2072988474879375 +0.2119863257119032 
+0.2168531779263079 +0.2217232652391803 +0.2267169252876606 +0.2318302848401841 
+0.2371797655343916 +0.2425592646015224 +0.2479440589893130 +0.2531604818060099 
+0.2583732061920157 +0.2636741466268345 +0.2691494761161108 +0.2748437972193069 
+0.2807226802057663 +0.2867912472818704 +0.2934506068092823 +0.3008918334538831 
+0.3085430151527995 +0.3164476705364172 +0.3248749869898894 +0.3337615002251922 
+0.3429821409531807 +0.3527088905914528 +0.3627829688825338 +0.3734995365775619 
+0.3848525494942627 +0.3969032167150425 +0.4104421433041424 +0.4257250491963645 
+0.4427940692906825 +0.4622007216126591 +0.4847628563014392 +0.5124138903185741 
+0.5429785094678847 +0.5860056955683748 +0.6475615145730335 +0.7183647760965832 
+0.7747882462023054 +0.8105264291766553 +0.8753116533671058 +1.0000000000000000 
-0.0165774150531340 +0.1086872638680961 +0.1464642022670171 +0.1680091938122813 
+0.1854477426298144 +0.2003029875996835 +0.2133538236073773 +0.2254415548109706 
+0.2363594939184833 +0.2470934173453759 +0.2568429698124423 +0.2661243539459124 
+0.2747506504084666 +0.2830063770043932 +0.2912520513112496 +0.2992328133125925 
+0.3068925862816212 +0.3145903987112968 +0.3222085397136374 +0.3296387634294704 
+0.3367257750226142 +0.3435900603005845 +0.3504871996049619 +0.3574488286747732 
+0.3643701160430451 +0.3711869813067876 +0.3777527613051717 +0.3838355108919576 
+0.3900286032374493 +0.3961949481220493 +0.4025175503943603 +0.4087049214681425 
+0.4146718237628085 +0.4203946409856383 +0.4259691227196866 +0.4315886349877006 
+0.4372813848133119 +0.4429344786414550 +0.4485057347949154 +0.4540106571645631 
+0.4594783215074391 +0.4650920693192852 +0.4707456678011856 +0.4764396224778898 
+0.4815232949868432 +0.4864906962634276 +0.4915260433147225 +0.4967309725294822 
+0.5021288577926823 +0.5073853281928234 +0.5125590235390433 +0.5178362418071105 
+0.5232375379428023 +0.5286104546050872 +0.5337859705058015 +0.5388391331556095 
+0.5439186801371941 +0.5490476702826033 +0.5542565664671386 +0.5595923909936643 
+0.5652723495892510 +0.5713032805461626 +0.5775834131692273 +0.5840201040818938 
+0.5905334611715194 +0.5968789318782667 +0.6031544350406747 +0.6094031661770110 
+0.6157675520096079 +0.6222589016498490 +0.6287443238573169 +0.6352285136430427 
+0.6417758599154492 +0.6483676755685487 +0.6550967747452713 +0.6620640674588141 
+0.6690164615437060 +0.6757710840270408 +0.6825065332080652 +0.6894010053693784 
+0.6964592938092118 +0.7036976142427108 +0.7115255152120263 +0.7198925361478015 
+0.7283226893709467 +0.7370690977680615 +0.7462350073221053 +0.7565113086678773 
+0.7681047456685881 +0.7800383473921805 +0.7934604703395758 +0.8090235226744661 
+0.8279564508495783 +0.8519904752617457 +0.8920584846616920 +1.0000000000000000 
3.78482464059e-10 1.39087234927e-06 
  <DiscreteSampler_grid>
  Helicity
  1 # grid_type. 1=='ref', 2=='run'
  80 # Attribute 'min_bin_probing_points' of the grid.
  1 # Attribute 'grid_mode' of the grid. 1=='default',2=='initialization'
  0.030 # Attribute 'small_contrib_threshold' of the grid.
  0.333 # Attribute 'damping_power' of the grid.
#  binID   n_entries weight   weight_sqr   abs_weight
    1   7074 2.80463053648e-09 1.14559678604e-16 2.80463053648e-09
    4   6800 2.74905304404e-09 1.08681733309e-16 2.74905304404e-09
    2   156 2.42259888115e-11 1.54524749552e-20 2.42259888115e-11
    3   124 1.10284178691e-11 2.0202635271e-21 1.10284178691e-11
  </DiscreteSampler_grid>
  <DiscreteSampler_grid>
  grouped_processes
  1 # grid_type. 1=='ref', 2=='run'
  10 # Attribute 'min_bin_probing_points' of the grid.
  1 # Attribute 'grid_mode' of the grid. 1=='default',2=='initialization'
  0.030 # Attribute 'small_contrib_threshold' of the grid.
  0.333 # Attribute 'damping_power' of the grid.
#  binID   n_entries weight   weight_sqr   abs_weight
    16   10 19.0288087253 884.603434365 19.0288087253
    22   10 19.0288087253 884.603434365 19.0288087253
    10   10 19.0288087253 884.603434365 19.0288087253
  </DiscreteSampler_grid>
