  0.00032568042887390  0.00038621738714789  0.00042575337816643  0.00046211595169701
  0.00048916603236225  0.00051295205114978  0.00053704447057624  0.00056041049241260
  0.00058153927640061  0.00060024509042581  0.00061738378588922  0.00063340340695650
  0.00064853226284702  0.00065962143536571  0.00066865223742389  0.00067751502752552
  0.00068636419126479  0.00069864682467955  0.00071167955268055  0.00072478645544299
  0.00073746323354933  0.00074934244190802  0.00076027186843197  0.00077051081659339
  0.00078067343897526  0.00079060521507816  0.00080069787361116  0.00081031326096020
  0.00081920487107016  0.00082677274207095  0.00083395592083415  0.00084056883537439
  0.00084836143640050  0.00085598314869625  0.00086353125246507  0.00087111276489529
  0.00087865543526166  0.00088600416639149  0.00089320718061753  0.00090022999309402
  0.00090701186779991  0.00091367763790978  0.00091974182533385  0.00092465280774318
  0.00092799004342901  0.00093154574040325  0.00093424325792153  0.00094038716444962
  0.00106267918037656  0.00124612330409716  0.00133514335149544  0.00135746090716952
  0.00138111688923001  0.00140627733635438  0.00143396195917495  0.00146480673796814
  0.00149335405758115  0.00151800717239760  0.00154602440024910  0.00157475618579059
  0.00160786770017001  0.00164328262549541  0.00167178551137094  0.00170323778770383
  0.00173829117551682  0.00177846618655226  0.00184014611936569  0.00189509560439009
  0.00194489533723021  0.00199227377071382  0.00204093178420077  0.00209005565309741
  0.00214008803049557  0.00219975425005388  0.00226659797449001  0.00233198414267827
  0.00242738731161091  0.00253814765504762  0.00267904544228255  0.00279409089502367
  0.00291274262888088  0.00304410594901146  0.00319570149323667  0.00341057819628446
  0.00361629558730821  0.00380511361638069  0.00417959760524211  0.00443468332914162
  0.00484277922498363  0.00532357781486593  0.00589769831869701  0.00650840605702963
  0.00775090725326838  0.00838023120470309  0.02660416880313720  1.00000000000000000
 -0.00036593586659689  0.00346166748279914  0.00834276458642627  0.01485615298961304
  0.02207936850158069  0.02954023859775796  0.03838128879183152  0.04787338614188953
  0.05688571501345872  0.06554004213951185  0.07409501636729690  0.08318044337382142
  0.09234978337556655  0.10209562481865701  0.11225427714635493  0.12226425197735132
  0.13240168670306132  0.14318839372891642  0.15486574665759081  0.16641483507684313
  0.17715319211136657  0.18751363368242069  0.19748677460355921  0.20785212504347758
  0.21890786559872757  0.22998622530037791  0.24083053893487574  0.25190653480429676
  0.26296581916467093  0.27314835377301033  0.28247767453908529  0.29178664149076727
  0.30148264546597064  0.31262774316796865  0.32482106172738162  0.33625812329445454
  0.34665537745924951  0.35715144117926800  0.36742553956085899  0.37793134055986310
  0.38757139676520552  0.39598319200166221  0.40239022494076881  0.40826881515649110
  0.41562085590992953  0.42257186421773479  0.42875880482562423  0.43341635380573296
  0.43839437302334022  0.44450463212109625  0.45154854842092573  0.45997978035344367
  0.46836681202307168  0.47806053199661436  0.48859774830055802  0.49771735220288787
  0.50551222668192852  0.51268022995422402  0.52015664291282637  0.52802640722364014
  0.53737420077688924  0.54670390218802944  0.55838062665705823  0.57127723637137084
  0.58534480674849088  0.59903860390183683  0.61341410136134200  0.62755153938825026
  0.64065679257694574  0.65282151112171927  0.66418452974224162  0.67460295060908337
  0.68603200939846232  0.69891849537237638  0.71214946269414325  0.72468377982165777
  0.73654222512110301  0.74809638799245182  0.75999181649779024  0.77177800900410021
  0.78417803228231620  0.79840718192081295  0.81291142742891065  0.82837105255433097
  0.84376307537331086  0.85924000358569541  0.87446604441114351  0.88918212155472642
  0.90346929471184834  0.91734626118617912  0.93071739499700701  0.94413338140070668
  0.95812227576770215  0.97212730195611208  0.98659186206749150  1.00000000000000000
 -0.00233031253480735  0.01002982612380182  0.02076558431679541  0.03232256475026388
  0.04158999609014713  0.05065140129262220  0.05938040907799010  0.07007660959009286
  0.08173640541452579  0.09456837935279831  0.10670139354469614  0.11789220590355988
  0.12521232785593298  0.13173342258909981  0.13854745555099862  0.14517014270129394
  0.15104198405677888  0.16040712251260436  0.17015936864368691  0.17916706045932418
  0.18815575894240236  0.19536210227740439  0.20253834888608585  0.20983196542886545
  0.21618957299708630  0.22586745953508930  0.23700274142740579  0.24783481899174700
  0.25811198992939416  0.26810775415512578  0.27905261457868896  0.29157948195189021
  0.30502193645982911  0.31892618837855002  0.33220198792437561  0.34495826229137000
  0.35773237776059225  0.36969466413039687  0.38117656797091692  0.39133555253731622
  0.40219436387713470  0.41374405134843467  0.42595516387038246  0.43811538225200036
  0.45000610459863433  0.46247660755308645  0.47584083138131006  0.48878530596656100
  0.50156711964393497  0.51480142085509806  0.52712568344651445  0.53782530663256056
  0.54771324347891159  0.55771013916296930  0.56882225138494236  0.58128952498918585
  0.59366185958769102  0.60501007488365000  0.61555528777775792  0.62660831802392314
  0.63775847110912187  0.64993845059573541  0.66073011843238716  0.67133165485805557
  0.68226805486274122  0.69388238840831951  0.70622806352401479  0.71821355987311775
  0.73003278219192280  0.74170877687013381  0.75324218871965087  0.76481406744576474
  0.77668644514317953  0.78876717827384124  0.79966119399827928  0.81003245044732153
  0.82011710499406598  0.83088274456452549  0.84104408524349628  0.84970985968908719
  0.85754345538856602  0.86366158995484887  0.86931513377905301  0.87543158375055119
  0.88170678108063616  0.89195427596085530  0.90287473716968303  0.91384236699417187
  0.92434987121890633  0.93417034935531074  0.94388366862801287  0.95401950280407166
  0.96592377624080228  0.97779296162456664  0.98933546135848971  1.00000000000000000
 -0.00235989468167350  0.01026174930225070  0.02077925114760888  0.03218533495480747
  0.04482912635475993  0.05820322469267317  0.07078832108858894  0.08125874972355872
  0.09112897682800795  0.10067637432538452  0.11119823934663604  0.12262094686711522
  0.13439474286578382  0.14684219438100843  0.15757941588261870  0.16722135214622161
  0.17650394049525778  0.18549625184497684  0.19474093989654107  0.20729219352036266
  0.21938078794529370  0.23162495056563784  0.24384184101918277  0.25414842995405690
  0.26380333209343076  0.27280971326721354  0.28287958770209365  0.29382841001690718
  0.30303115193506019  0.31168236142095623  0.31981150752925852  0.32731750311360724
  0.33647944624115500  0.34711264703090827  0.35783995764769849  0.36894184611084935
  0.38019534543138078  0.39161443402741408  0.40237340419146528  0.41279868698834321
  0.42173429153310227  0.43154602156519567  0.44085226424564655  0.45105022535310701
  0.46090026868218881  0.47009376188685503  0.47888450562009510  0.48820418999805959
  0.49840627834295981  0.50806024893111590  0.51395050993111535  0.52035677504272015
  0.52663879757757570  0.53304136765055887  0.53905783574844912  0.54843445838281901
  0.55910155549272078  0.56993722978280181  0.58185764212911062  0.59384274586521024
  0.60585634299514091  0.61764092598805442  0.62959329066249414  0.64112876298175836
  0.65144719937310402  0.66053908798800864  0.67036380368622950  0.68130575234278334
  0.69304450769071679  0.70510723629821026  0.71684051520897896  0.72817516434163598
  0.73831625712172178  0.74801927394869461  0.75809917596798393  0.76898262024512543
  0.78080834935488919  0.79283188529537785  0.80427032642407092  0.81553909866121133
  0.82641137370087092  0.83676127247191445  0.84744562604609586  0.85873977642735433
  0.86998870733417366  0.87977161248481783  0.89001337143939563  0.90208754748655207
  0.91505302923367338  0.92810283376946001  0.94121202349725774  0.95285294436271450
  0.96379047683522412  0.97462731970648631  0.98700274762705387  1.00000000000000000
 -0.00287344503990499  0.01265727926012122  0.02328876878800582  0.03316531445670658
  0.04318224145591645  0.05309555349907161  0.06433626038587070  0.07536158765748163
  0.08658544200504906  0.09717843935675523  0.10779676206398754  0.11721756001943724
  0.12633812082201806  0.13539720485911860  0.14569352145168032  0.15762368883418121
  0.16990798320951786  0.18145730731004323  0.19213391784671580  0.20223280842901661
  0.21205995965808158  0.22285101908772795  0.23430496731187325  0.24557199587113551
  0.25505719715273251  0.26413923346419921  0.27300004719781279  0.28296457294624822
  0.29518320715019131  0.30784862871771834  0.32003116240040325  0.33162684032167877
  0.34277518800750567  0.35252880791631769  0.36059064043901867  0.36779242426965658
  0.37508853343211224  0.38310039234200000  0.39305467933736465  0.40561432251461105
  0.41695007970394760  0.42724870729176817  0.43662761020199425  0.44537503170082016
  0.45464739681591404  0.46488469816130074  0.47560464156222115  0.48695466432123791
  0.49811283453149008  0.50857576013261363  0.51972140972684699  0.53086236414510168
  0.54270926448674650  0.55204806348007662  0.56127951100944840  0.57029868567357689
  0.58121768485565217  0.59311699164271559  0.60565734559383699  0.61916564068808544
  0.63242747967158330  0.64537620853353661  0.65824105392906918  0.67109132840136509
  0.68234270628958371  0.68958568274092480  0.69505356023793763  0.69983491140496590
  0.70408345853862808  0.70851060278632694  0.71815088187114440  0.72960164306798680
  0.74114508040432925  0.75272326759446451  0.76431461745846074  0.77556881999059191
  0.78668840968745002  0.79719595028986900  0.80703058279072037  0.81665674520336062
  0.82634791667330476  0.83789992086716514  0.84993602425260451  0.86146928189774763
  0.87210779342744815  0.88232429509997723  0.89349716083731401  0.90457193239834710
  0.91539250853050169  0.92775317571474869  0.94052270217762879  0.95223308087895786
  0.96361838940033118  0.97508738613886248  0.98719232741618212  1.00000000000000000
 -0.03077676221399583  0.17615105128960959  0.26295659911653968  0.32442955281163649
  0.37919822286586669  0.42012577092969133  0.44233003550393402  0.45438449718253915
  0.46396445511075229  0.47237426076789707  0.48198925663210912  0.49155059580840693
  0.49961542835637773  0.50660777815652192  0.51290577415603988  0.51864310447338524
  0.52374978177914200  0.52863987915395616  0.53175031897616309  0.53440100361151055
  0.53682162597578820  0.53922274602558296  0.54146277117119035  0.54464778567261074
  0.54780651212321130  0.55033154068403078  0.55260245420607179  0.55519523062029708
  0.55794276622423233  0.56086735179742286  0.56426669214110425  0.56761299087135653
  0.57069246706984356  0.57363008015370320  0.57645587747264315  0.57921736202484020
  0.58250697324391343  0.58555632459546136  0.58855399599221025  0.59159753017556171
  0.59462941862685792  0.59785851137626700  0.60112420643251308  0.60435833454103338
  0.60767692854519162  0.61055722024576053  0.61328403898125050  0.61616202017198363
  0.61911388868229489  0.62217088872721604  0.62580113248719405  0.62983365457726426
  0.63401181727351086  0.63811858841714320  0.64220679451156737  0.64658339495939843
  0.65132243270518553  0.65661154754331807  0.66245437320570721  0.66846561063507570
  0.67429137783791748  0.67969251015810950  0.68506719690271289  0.69066443614511552
  0.69689452045367251  0.70370125400464012  0.71015043547152701  0.71582687428262826
  0.72144179568316980  0.72760423663695428  0.73318769726990718  0.73872596156671400
  0.74411702727729934  0.75003732396570788  0.75646162605960487  0.76258467417400222
  0.76896267392621420  0.77533158410782388  0.78180835685109318  0.78846829469774293
  0.79504331741837586  0.80114790432017557  0.80698916530673248  0.81306498374532565
  0.81974594648789278  0.82741309763555126  0.83679315745836547  0.84700114502577739
  0.85737025711338288  0.86857449545391963  0.88001489494742036  0.89223715968317152
  0.90490966998930100  0.92081457225580499  0.94430131184763910  1.00000000000000000
 -0.02989909821831780  0.13905179241736781  0.17569990140153538  0.19628164261090014
  0.21267054177330416  0.22355761608539040  0.23092259244562802  0.23811512237613089
  0.24461236866518302  0.25121521939536923  0.26054303896333464  0.27103339814770855
  0.28102841019590968  0.29025771228986591  0.29766980552744376  0.30397387785152319
  0.31027988212396906  0.31664730698594673  0.32535594744009649  0.33475040675810108
  0.34331706489401148  0.35122879332439577  0.35883904035839853  0.36638182302751882
  0.37394739926169229  0.38087061005778589  0.38696303564906742  0.39279630675048199
  0.39767643565406979  0.40192260716072981  0.40612424129383234  0.41032822083702430
  0.41601581279108280  0.42178658466272656  0.42751771911452197  0.43286728094155452
  0.43815663546525241  0.44361510265841830  0.44925725787785564  0.45458208582301191
  0.45983961190278833  0.46502164428592235  0.47070414413366546  0.47598419192510605
  0.48099647669426149  0.48588287184430246  0.49077818099265103  0.49538977102747783
  0.50001903683008608  0.50476735308509180  0.50973769419410386  0.51468683288528538
  0.51914081103680987  0.52328497465590218  0.52715520776023306  0.53078356208731936
  0.53463644746981309  0.53892587256113145  0.54385244223843809  0.54922430732835581
  0.55535689395064425  0.56165612893293149  0.56822518164316793  0.57485629307802377
  0.58128728631423454  0.58784815548460501  0.59419237063175612  0.60018754195863966
  0.60667293885151197  0.61277512148636992  0.61895598169253863  0.62524014467807465
  0.63094900981323154  0.63637124515593246  0.64161115436260607  0.64648131496559291
  0.65151007715721998  0.65708166065425755  0.66345111086774544  0.67112239145894637
  0.67962995926470648  0.68818604436227937  0.69653392481662257  0.70511020193053697
  0.71402972120465125  0.72146785946964131  0.72887070649987107  0.73538798316983955
  0.74331564995316590  0.75323379225535425  0.76578020261923618  0.78011052790530222
  0.79671719849121048  0.81908654953277049  0.85709195023561924  1.00000000000000000
   1.5687056634100001E-011   1.1169190000000001E-005
  <DiscreteSampler_grid>
  Helicity
  1 # 1 for a reference and 2 for a running grid.
  80 # Attribute 'min_bin_probing_points' of the grid.
  1 # Attribute 'grid_mode' of the grid. 1=='default',2=='initialization'
  0.0300000000000000 # Attribute 'small_contrib_threshold' of the grid.
  0.3330000000000000 # Attribute 'damping_power' of the grid.
 # binID   n_entries weight   weight_sqr   abs_weight
    1   18337   7.560316809507227E-011   5.056370294239259E-019   7.560316809507227E-011
    2   909   1.084509998772300E-011   2.180724056080361E-021   1.084509998772300E-011
    3   2806   2.309118622863002E-011   6.382553007771362E-020   2.309118622863002E-011
    4   18774   7.666767913024012E-011   3.944091227613795E-019   7.666767913024012E-011
  </DiscreteSampler_grid>
  <DiscreteSampler_grid>
  grouped_processes
  1 # 1 for a reference and 2 for a running grid.
  10 # Attribute 'min_bin_probing_points' of the grid.
  1 # Attribute 'grid_mode' of the grid. 1=='default',2=='initialization'
  0.0300000000000000 # Attribute 'small_contrib_threshold' of the grid.
  0.3330000000000000 # Attribute 'damping_power' of the grid.
 # binID   n_entries weight   weight_sqr   abs_weight
    16   10   6.081914722540000E-004   1.528567613230000E-006   6.081914722540000E-004
    22   10   6.081914722540000E-004   1.528567613230000E-006   6.081914722540000E-004
    10   10   6.081914722540000E-004   1.528567613230000E-006   6.081914722540000E-004
  </DiscreteSampler_grid>
