+0.0003367471554822 +0.0003453707006049 +0.0003521783366797 +0.0003584635110701 
+0.0003641139310898 +0.0003691387260366 +0.0003732792770527 +0.0003769424068131 
+0.0003804093481549 +0.0003839808508192 +0.0003875534870218 +0.0003909682909728 
+0.0003942508668054 +0.0003974575913700 +0.0004006604521826 +0.0004038574717990 
+0.0004070692283715 +0.0004100758685224 +0.0004129739418160 +0.0004158227145604 
+0.0004186599633810 +0.0004215241614753 +0.0004244299752860 +0.0004273559775655 
+0.0004302742408900 +0.0004331945239279 +0.0004361085763352 +0.0004390239638742 
+0.0004419530883241 +0.0004448812022302 +0.0004476212008072 +0.0004499497099209 
+0.0004522874466208 +0.0004546188579477 +0.0004571595089963 +0.0004601835396754 
+0.0004632027750480 +0.0004662744213490 +0.0004693139341310 +0.0004723892614666 
+0.0004754353451849 +0.0004784971507760 +0.0004815610597776 +0.0004846772108908 
+0.0004877940994098 +0.0004908521770796 +0.0004941403993514 +0.0004973904346048 
+0.0005006930456099 +0.0005040047001982 +0.0005073166864639 +0.0005106356990453 
+0.0005139682580784 +0.0005173256958619 +0.0005206937617628 +0.0005240631711672 
+0.0005274341255348 +0.0005308230135028 +0.0005342723957501 +0.0005378158554211 
+0.0005415748826099 +0.0005454685163158 +0.0005493768814796 +0.0005533484749128 
+0.0005574177478932 +0.0005615962105874 +0.0005658277416904 +0.0005701194807022 
+0.0005745266788780 +0.0005790480926638 +0.0005836436850450 +0.0005882633960524 
+0.0005926875651174 +0.0005966298680766 +0.0006005918842328 +0.0006045397277684 
+0.0006089909463837 +0.0006134082619970 +0.0006177731902276 +0.0006219854141535 
+0.0006261072813380 +0.0006303161247593 +0.0006348459320522 +0.0006396780343438 
+0.0006445542634250 +0.0006493237109290 +0.0006538021521581 +0.0006609076867807 
+0.0006679692201572 +0.0006729326747101 +0.0006788992180683 +0.0006856247854239 
+0.0006916658326232 +0.0007013438148552 +0.0007013438148652 +0.0014140746880721 
-0.0024828605657781 +0.0097704468550212 +0.0196106676939412 +0.0305384622674742 
+0.0417057094993376 +0.0528299656765800 +0.0629009379861275 +0.0726767931621486 
+0.0824741561703460 +0.0930747728378865 +0.1037562561293761 +0.1143728313201963 
+0.1249514944803974 +0.1354594181745365 +0.1457832005699936 +0.1533956839544159 
+0.1609535465556055 +0.1685177557726945 +0.1762315633880961 +0.1866872735863293 
+0.1972752448316036 +0.2078411914231900 +0.2187132001990229 +0.2297066663919533 
+0.2408003395782770 +0.2519445644302254 +0.2632799038920601 +0.2743285737396186 
+0.2852417328184386 +0.2960384097227466 +0.3069611286624969 +0.3178221632145629 
+0.3287140523558687 +0.3396725548852255 +0.3506134204747645 +0.3613582968860323 
+0.3720138338111184 +0.3828559575448739 +0.3937828386011730 +0.4045233208513394 
+0.4151655233340850 +0.4256763444623032 +0.4361046083390492 +0.4464572949367567 
+0.4570049249652437 +0.4677611297922854 +0.4786740372119342 +0.4897371203377074 
+0.5009126384931817 +0.5119023746301964 +0.5227209552978249 +0.5334381555003822 
+0.5442107916533995 +0.5551328930467020 +0.5660374235899424 +0.5769629006798834 
+0.5877107406129881 +0.5982763722974315 +0.6090113028562649 +0.6196786839464282 
+0.6304187411767407 +0.6412230651608413 +0.6522469763325517 +0.6634679515982669 
+0.6745057648991792 +0.6854599010598208 +0.6961370313814508 +0.7065024117512143 
+0.7167380443731574 +0.7270210158415290 +0.7375832830843450 +0.7482793095791267 
+0.7590444826733151 +0.7697653716766901 +0.7803698069539985 +0.7910498029615277 
+0.8021253839017151 +0.8132155403688065 +0.8241625770953261 +0.8349446946113395 
+0.8457053934034279 +0.8564475436898284 +0.8670112597049383 +0.8765983534420384 
+0.8860364281442883 +0.8954392647463878 +0.9055654985653659 +0.9160293095634027 
+0.9265998283406900 +0.9373296231190100 +0.9479222510022504 +0.9583558145323565 
+0.9688270382772382 +0.9791734411656206 +0.9896259776710526 +1.0000000000000000 
-0.0027408993601174 +0.0111890908588457 +0.0213646785560265 +0.0323215408861062 
+0.0400614410454675 +0.0474073488191837 +0.0546394908813907 +0.0619119319791164 
+0.0715232592158849 +0.0819730609051118 +0.0921816321181250 +0.1023615672632401 
+0.1128896920228324 +0.1237429216298445 +0.1346551847764011 +0.1457283578136296 
+0.1566149623842462 +0.1676325268485062 +0.1781026466298377 +0.1887623530238784 
+0.1990916028370296 +0.2096043920984909 +0.2200635368712182 +0.2305653598460116 
+0.2411127981366951 +0.2514949803556991 +0.2620724967865400 +0.2725027929715429 
+0.2829437142936193 +0.2929016776450677 +0.3031268129614815 +0.3133659983330187 
+0.3243142016975363 +0.3352083946644053 +0.3452332941526370 +0.3553104440615421 
+0.3652541165748614 +0.3758898204495020 +0.3863820091758494 +0.3967941015473160 
+0.4072916845704534 +0.4180126811285500 +0.4288011669368557 +0.4396123551255777 
+0.4505752255264961 +0.4616650470581372 +0.4727766944702818 +0.4835942809812178 
+0.4942451551381683 +0.5050247247908575 +0.5157626983018889 +0.5263261431185519 
+0.5367309294922287 +0.5475377241807153 +0.5585346261607853 +0.5694745078097079 
+0.5801156028926002 +0.5907680283563089 +0.6015582479779191 +0.6125081116801672 
+0.6232375841760860 +0.6338177444818260 +0.6443471023476102 +0.6552230754518275 
+0.6661190626463753 +0.6769832984111905 +0.6878138694472737 +0.6987033960697657 
+0.7097855235281195 +0.7207030969367474 +0.7315301767654305 +0.7425019354894770 
+0.7534253205029432 +0.7644518352340770 +0.7754027899468848 +0.7863964867963515 
+0.7971426509419691 +0.8075643256606924 +0.8181716250106400 +0.8289788381229281 
+0.8398359062353472 +0.8506483615894517 +0.8615373945278124 +0.8725345968172764 
+0.8834845331754864 +0.8943979595901204 +0.9052867816201539 +0.9159893110736702 
+0.9264255201030877 +0.9366243402177473 +0.9467997017989420 +0.9569048713803036 
+0.9672031478708556 +0.9777949537027967 +0.9887711785572375 +1.0000000000000000 
-0.0022748188019815 +0.0098835589262435 +0.0197764329725286 +0.0303861723666629 
+0.0410171218736514 +0.0516940627488864 +0.0623725498042264 +0.0730939998725957 
+0.0838315597390237 +0.0944786012959430 +0.1051064363137500 +0.1158463854479306 
+0.1265589736038540 +0.1372683776091182 +0.1480070627187484 +0.1589410742733582 
+0.1697324045243258 +0.1802858768011997 +0.1908907776219502 +0.2016446103099527 
+0.2124020472128376 +0.2229622639770066 +0.2335948316193819 +0.2445440675525697 
+0.2554645415118536 +0.2664436403062347 +0.2774488669401021 +0.2884847524312655 
+0.2993761668908586 +0.3102155041857868 +0.3211977774249698 +0.3316272081739689 
+0.3413909466897640 +0.3510121507411432 +0.3609568163117137 +0.3717715800943826 
+0.3828057525170423 +0.3937729332502849 +0.4045388889289419 +0.4152699751063878 
+0.4259408568518408 +0.4365286885735819 +0.4469544012913363 +0.4573227908922685 
+0.4676592298768122 +0.4778668839498204 +0.4882132864977273 +0.4984244556670024 
+0.5086216744430662 +0.5188735258503486 +0.5271724451259833 +0.5346216948778683 
+0.5421113786614719 +0.5494552374285943 +0.5581977142860511 +0.5682423233652508 
+0.5778076652033544 +0.5872047828810514 +0.5968231218887352 +0.6075547557769516 
+0.6183576540510265 +0.6291628904596488 +0.6394899931061422 +0.6499760657161748 
+0.6606579028838239 +0.6715783910316769 +0.6829064945488265 +0.6939280273281493 
+0.7046948046046266 +0.7154743470352554 +0.7263328797022235 +0.7370969887333144 
+0.7477443296613546 +0.7584429712572971 +0.7692397943131959 +0.7800847523183568 
+0.7909581559298309 +0.8018546895837889 +0.8129662886688568 +0.8241679007597024 
+0.8351885304985958 +0.8457047977922078 +0.8561440015849016 +0.8667973871008123 
+0.8777666259483283 +0.8889366153623038 +0.8998648755124347 +0.9108920196613780 
+0.9218072580104255 +0.9327760382090752 +0.9437354127134076 +0.9546381720274009 
+0.9656922893486514 +0.9767268370569497 +0.9882661956767549 +1.0000000000000000 
-0.0022512901476396 +0.0097852785366653 +0.0197487381435068 +0.0305007801164959 
+0.0410586683341057 +0.0517644048612463 +0.0624492544287163 +0.0732525278585516 
+0.0838226340734746 +0.0943777611964715 +0.1048154755503659 +0.1152399317940275 
+0.1257982276892990 +0.1365002392054567 +0.1472292447829758 +0.1578884430595681 
+0.1686950136990975 +0.1794550938652358 +0.1901633157053356 +0.2009039624730706 
+0.2118685039177811 +0.2228680942371077 +0.2336427775617983 +0.2442909269518785 
+0.2548890470326346 +0.2654365047551943 +0.2758469231772890 +0.2862881751641337 
+0.2968942514363116 +0.3075825441834021 +0.3181932340828876 +0.3286158189388518 
+0.3390515798718821 +0.3496439149409057 +0.3604675790366796 +0.3714478772300519 
+0.3824591909556228 +0.3935912235129964 +0.4048719516073374 +0.4163034534230075 
+0.4270374785664732 +0.4371929531726385 +0.4472623552366816 +0.4575862811263302 
+0.4683474219002983 +0.4789178862292141 +0.4894061934761356 +0.4998755704681389 
+0.5103200589268209 +0.5207717707860829 +0.5312934787640357 +0.5418909806536960 
+0.5526713758264759 +0.5635071954370493 +0.5724808097582743 +0.5803210396832740 
+0.5880630165153991 +0.5958284871864630 +0.6049783102406218 +0.6155474391025610 
+0.6261990239461572 +0.6370511220951445 +0.6479748664675419 +0.6590147584482121 
+0.6700807800553731 +0.6809183587437905 +0.6916881020059359 +0.7023113613099201 
+0.7129575328283264 +0.7233345698250286 +0.7338584016564579 +0.7443969416764052 
+0.7541304393509145 +0.7636392664971975 +0.7733734637169564 +0.7838004645341770 
+0.7944549076730382 +0.8050616448300885 +0.8157296810491205 +0.8265866597115844 
+0.8372425472001384 +0.8476364533720149 +0.8580542883089013 +0.8688204049823903 
+0.8797983989068210 +0.8910382372226445 +0.9022420722018190 +0.9134105194787355 
+0.9243528282781919 +0.9355337902101583 +0.9463603597742823 +0.9573498546156459 
+0.9679737471276609 +0.9787686279967178 +0.9893151283130752 +1.0000000000000000 
+0.0256860174494885 +0.0398556060580951 +0.0522125506725497 +0.0646279822962186 
+0.0760994413854447 +0.0872110885414429 +0.0979321237593668 +0.1082984266537088 
+0.1183997060906581 +0.1285733704250709 +0.1389997838805778 +0.1496476275427659 
+0.1597377229999222 +0.1692848803390583 +0.1786793110703861 +0.1882228276743444 
+0.1983302208531118 +0.2084806678646151 +0.2187509607092856 +0.2290209477908950 
+0.2392342733523484 +0.2494808137779456 +0.2598945830853890 +0.2703489463191044 
+0.2808286597787967 +0.2913499757651784 +0.3018984889049176 +0.3101237439436409 
+0.3173590648424716 +0.3245394452154668 +0.3315891366695677 +0.3402012442847873 
+0.3501906965536585 +0.3604409818454290 +0.3709846831573906 +0.3816642502835128 
+0.3924236942162909 +0.4031666856983588 +0.4138728540691495 +0.4245553700174770 
+0.4351946771001958 +0.4456905723303829 +0.4560326430410123 +0.4662619726227762 
+0.4764007055616329 +0.4864229837478454 +0.4965351797021968 +0.5067598019604687 
+0.5172433187014729 +0.5276858697030575 +0.5382129534433601 +0.5484291415214719 
+0.5586936077379411 +0.5691291957067049 +0.5797494346900607 +0.5903670505212673 
+0.6008659722714228 +0.6113366579635768 +0.6218221576598866 +0.6321632374422956 
+0.6425045836245908 +0.6530699107212781 +0.6638962363847700 +0.6747195500169143 
+0.6854698275418872 +0.6959445414758185 +0.7064187607387673 +0.7169059385051000 
+0.7275173237056184 +0.7380262346564384 +0.7485323952201093 +0.7592508544899698 
+0.7700252988135556 +0.7806490260294150 +0.7911842478391846 +0.8018058614894563 
+0.8124704673844874 +0.8230937219912213 +0.8337743267806971 +0.8443884702714861 
+0.8548519346827064 +0.8647684825475573 +0.8743923127831360 +0.8840099506343995 
+0.8937413751080074 +0.9037938680555534 +0.9136098308454674 +0.9233373172715535 
+0.9329648475739374 +0.9423537278910156 +0.9512294533437529 +0.9593221733431863 
+0.9656618432505791 +0.9670785113744412 +0.9670785113744512 +0.9700353479934555 
-0.0179173167189701 +0.1108227954244653 +0.1466010158503671 +0.1694528297010222 
+0.1873889342055284 +0.2026896118156893 +0.2161164505827837 +0.2282913584724937 
+0.2396336457535645 +0.2502931352410200 +0.2601401211309027 +0.2695841224259586 
+0.2785749972653149 +0.2873430163999580 +0.2958073277983947 +0.3038947523369474 
+0.3116931943563796 +0.3191699758458625 +0.3264966799363945 +0.3337783904432340 
+0.3409170803799494 +0.3478223745037069 +0.3546051327274002 +0.3612062931556744 
+0.3678939222739998 +0.3744575259822731 +0.3809246358010545 +0.3872427493494339 
+0.3934885081625813 +0.3996382987692355 +0.4056197377135609 +0.4116644890638043 
+0.4176772339596738 +0.4236476345270870 +0.4295483627255081 +0.4353909108050641 
+0.4411659741058748 +0.4469365916291498 +0.4527006432410079 +0.4584136021755310 
+0.4641079025912589 +0.4698051353150192 +0.4754805791978332 +0.4811557378782707 
+0.4868018493215880 +0.4923421978185826 +0.4978875099806558 +0.5033286086640153 
+0.5087532450338115 +0.5141511678333256 +0.5196043269095465 +0.5251761721753776 
+0.5308411794127440 +0.5365907758301813 +0.5423600527964609 +0.5481525355797040 
+0.5538604854073578 +0.5594765728279215 +0.5651238564924722 +0.5707318067245666 
+0.5761074298336848 +0.5815137056278682 +0.5869680952592968 +0.5928313096544302 
+0.5987223717759346 +0.6046175825955806 +0.6105855182802192 +0.6167250779555912 
+0.6230498289545207 +0.6295028046188282 +0.6360517294780894 +0.6426173491524487 
+0.6492875059939375 +0.6561416294748036 +0.6630714758063839 +0.6702304849388080 
+0.6769931216246249 +0.6825479813271904 +0.6882417704251886 +0.6940224067867947 
+0.7004456119082437 +0.7085014351136297 +0.7168466390104296 +0.7255576334092162 
+0.7346726755056037 +0.7441734613215027 +0.7541279132790445 +0.7649005828184305 
+0.7766681368900444 +0.7895650045800542 +0.8037780071124984 +0.8197743335212404 
+0.8361458983049402 +0.8567023218827782 +0.8884297530966361 +1.0000000000000000 
7.95135704609e-12 2.04792693333e-06 
  <DiscreteSampler_grid>
  Helicity
  1 # grid_type. 1=='ref', 2=='run'
  80 # Attribute 'min_bin_probing_points' of the grid.
  1 # Attribute 'grid_mode' of the grid. 1=='default',2=='initialization'
  0.030 # Attribute 'small_contrib_threshold' of the grid.
  0.333 # Attribute 'damping_power' of the grid.
#  binID   n_entries weight   weight_sqr   abs_weight
    4   7099 5.07996834177e-11 6.54230260327e-21 5.07996834177e-11
    1   6884 5.03378205462e-11 6.2903302542e-21 5.03378205462e-11
    3   86 2.43877643101e-13 3.42893565663e-24 2.43877643101e-13
    2   92 1.95799318747e-13 1.07296390498e-24 1.95799318747e-13
  </DiscreteSampler_grid>
  <DiscreteSampler_grid>
  grouped_processes
  1 # grid_type. 1=='ref', 2=='run'
  10 # Attribute 'min_bin_probing_points' of the grid.
  1 # Attribute 'grid_mode' of the grid. 1=='default',2=='initialization'
  0.030 # Attribute 'small_contrib_threshold' of the grid.
  0.333 # Attribute 'damping_power' of the grid.
#  binID   n_entries weight   weight_sqr   abs_weight
    16   10 0.00544490961581 3.9016577597e-05 0.00544490961581
    22   10 0.00544490961581 3.9016577597e-05 0.00544490961581
    10   10 0.00544490961581 3.9016577597e-05 0.00544490961581
  </DiscreteSampler_grid>
