  0.02663018580755352  0.03306242264769196  0.03761033882265122  0.04301873016758760
  0.04915945950039141  0.05567087309296986  0.06222417361287832  0.06868911847053875
  0.07508669986107006  0.08147053359972489  0.08826944827940024  0.09541907581197505
  0.10270162929092085  0.10995598666080998  0.11687113191851162  0.12341615092128216
  0.12982045133629094  0.13633726155711923  0.14331255155913220  0.15050811074559253
  0.15736932781570145  0.16413045349453040  0.17094316096316151  0.17779006243198320
  0.18517691440536424  0.19298729190884967  0.20149113330091570  0.20975086486209679
  0.21787033533593195  0.22583913427133184  0.23423637663534921  0.24265230877806479
  0.25120384290970410  0.26025200861447145  0.26897615663989294  0.27860733050695796
  0.28824726610431689  0.29745891036143823  0.30653148551533571  0.31581704520298354
  0.32502381135184405  0.33418217768166403  0.34329772593898100  0.35231302501791728
  0.36151494931014116  0.37106079859160546  0.38093195809398717  0.39087846374217972
  0.40068352346318770  0.41029202013111082  0.41952926902021470  0.42880425988203541
  0.43846554561725676  0.44869844706249234  0.45909701985194051  0.46892759931851469
  0.47845375340792495  0.48799063958331274  0.49763320080702489  0.50754799375209558
  0.51760375105971712  0.52817205777863097  0.53900726008122068  0.55072809820471291
  0.56254620235595865  0.57383062847763500  0.58491677184365420  0.59595483187233167
  0.60678645292977618  0.61752143584427377  0.62927100790490376  0.64206606527739274
  0.65550774704734116  0.66859092452169144  0.68121557664458576  0.69378209840712235
  0.70659035768891065  0.71936100059965513  0.73265707330290264  0.74676532864590894
  0.76083928464030803  0.77480670174679545  0.78917382098280819  0.80336866435808985
  0.81780732439289860  0.83322946682998511  0.84965400800171864  0.86830780706206090
  0.88946799007502930  0.90979971743067245  0.92868031996784361  0.94564899208987141
  0.95924970213339467  0.96324972312422974  0.96927331182125476  1.00000000000000000
 -0.00015637489315998  0.00146563015448644  0.00282631387535257  0.00469927333520606
  0.00713161334794077  0.00976533449337949  0.01286140607135849  0.01641535166558997
  0.02018763959717627  0.02438554179746943  0.02908632646884741  0.03418945515763443
  0.03949535097183102  0.04511399576830376  0.05136952294392748  0.05838336446552712
  0.06545614568608235  0.07244541871880249  0.07975513700443325  0.08745923393740750
  0.09492059084567554  0.10250978097285166  0.11028071196759773  0.11782885244239778
  0.12557156262488287  0.13358022182225582  0.14249237564970277  0.15199703829832256
  0.16191503554442616  0.17218473127366893  0.18174849714667965  0.19019075842179914
  0.19870257562946275  0.20733093920335874  0.21605382972696588  0.22527017238664859
  0.23513370495145511  0.24527324919218821  0.25557189458265356  0.26600466583779275
  0.27706522571902875  0.28831594978875275  0.29972802341105909  0.31048634409646197
  0.32075658125914186  0.33104113185221617  0.34224709363398442  0.35366908096995070
  0.36563741994326782  0.37804471788359134  0.39108262118523252  0.40440574097008597
  0.41725023116001120  0.42959411072337106  0.44210304158515462  0.45486740156662647
  0.46776665012235030  0.48095835949873722  0.49461527602125926  0.50836188301906249
  0.52195013400229739  0.53557474142750783  0.54903242594251112  0.56247131105779113
  0.57586695399885846  0.58891343987840716  0.60167656572015771  0.61435026238393464
  0.62655562159471834  0.63943305106031789  0.65216738643450112  0.66544684543347332
  0.67950528424991130  0.69298344489303854  0.70645545262320053  0.72003952886935219
  0.73352322218842481  0.74657938624366915  0.75898219115756294  0.77171751182057602
  0.78440016662016110  0.79747318236655174  0.81079020966513915  0.82387293966829767
  0.83639243239622807  0.84872886340541642  0.86151257876286802  0.87546971474221480
  0.89003061149313878  0.90441363210052683  0.91859579220000387  0.93363973304069781
  0.94944176250980106  0.96600859770540604  0.98310196467001409  1.00000000000000000
 -0.00258707562146885  0.01165921041672930  0.02344358647815091  0.03526482613584775
  0.04708614298843896  0.05742833275147175  0.06746130749642816  0.07757126503704238
  0.08789616131642469  0.09847994183577520  0.10966553570123731  0.12111781676381554
  0.13144799919199687  0.14114507882659014  0.15076525376443739  0.16061287086649612
  0.17082666691696163  0.18145443377588505  0.19244105809931428  0.20439473271174102
  0.21609503580616829  0.22788294165102344  0.23927071968535132  0.25054909695728467
  0.26080996732845646  0.27051350231664772  0.28001027722626692  0.28962894434361380
  0.29939927497095853  0.30898882244058723  0.31939591477069534  0.32981884778016568
  0.34053095714000847  0.35058224185270320  0.36051489933164516  0.37040920606401623
  0.38023829700156614  0.39075701984648048  0.40125267012015614  0.41089931883719288
  0.42031187313783913  0.43038136333156357  0.44137770533373660  0.45280756649943510
  0.46412934038698800  0.47570013731565708  0.48737181641425681  0.49978833206381101
  0.51167095811337993  0.52281987906076643  0.53259505556699749  0.54229570147821593
  0.55194324037890463  0.56077358531826349  0.56937603819735338  0.57805087890619555
  0.58784143991417126  0.59907992169024904  0.61042542693622082  0.62148639634890301
  0.63199869491213201  0.64191171319449525  0.65160507546269808  0.66106975222860231
  0.67065484339375847  0.68028910184500258  0.69030834861685830  0.70061204871957949
  0.71090293867352405  0.72161920225864784  0.73279455181572728  0.74423500365337503
  0.75588099095773753  0.76721094323080352  0.77896683322549432  0.78936304570399474
  0.80072681675641721  0.81167284954781049  0.82340039863542647  0.83470973912689450
  0.84549327649509720  0.85593159397280849  0.86628287788992930  0.87682178932928379
  0.88780721786029937  0.89849002061505656  0.90974791840376690  0.92031817329810295
  0.93008200634824290  0.93962264259829920  0.94932441779590970  0.95870667214079131
  0.96828812896678174  0.97758488708567481  0.98878864483793594  1.00000000000000000
 -0.00219927375213439  0.00979358252264675  0.01875318925459668  0.02895066783610836
  0.03873559026736464  0.04856557685878133  0.05835671852472596  0.06851551111521186
  0.07920511847979667  0.09007311885855436  0.10208628098085241  0.11423577140215890
  0.12640399706195493  0.13795930901250503  0.14891869973529434  0.15973495500137683
  0.17063877405827627  0.18184063879576876  0.19287253601472820  0.20358134773253764
  0.21444990813830681  0.22567452963942622  0.23711340671997283  0.24843343070247886
  0.25975961703612821  0.27127892041881546  0.28317827145185392  0.29514300706931290
  0.30679570173351411  0.31775734756553092  0.32816168906995707  0.33862600185803454
  0.34936883132024432  0.36030551088128199  0.37087609089217627  0.38136469300715881
  0.39188119429200258  0.40307329017306226  0.41422404374246524  0.42466956426591446
  0.43465429138424161  0.44453280094437309  0.45469489146245251  0.46427202198165329
  0.47333195502865905  0.48261560807522663  0.49273117408009659  0.50361749677824996
  0.51427910280103639  0.52448604163848134  0.53466095030342964  0.54482725261065490
  0.55536487331339379  0.56558904983881741  0.57624687861983925  0.58747654110269487
  0.59845997377811377  0.60981301405147892  0.62014009619502164  0.63005486510611752
  0.63973822931251645  0.65019877222407940  0.66023409135620204  0.67023656367246398
  0.68071136970307200  0.69174672095254164  0.70277765281889515  0.71359483323247652
  0.72403666899038677  0.73387089133198313  0.74370044244811162  0.75362150070967993
  0.76338400973075360  0.77289932997685995  0.78249397221978745  0.79236028517484447
  0.80225867796781714  0.81188595466479163  0.82133907054301747  0.83086115323280751
  0.84061567435749618  0.85091887178867531  0.86088082272849142  0.87051358587943950
  0.88029606778582037  0.89052181814827303  0.90072793829395570  0.91073354208036428
  0.92112736758018432  0.93234470104916956  0.94312498419486990  0.95378938941218316
  0.96438358151361769  0.97651049437054371  0.98821385237767223  1.00000000000000000
 -0.00266326044926350  0.01114632826879326  0.02252445042672510  0.03363323649451868
  0.04511698301936545  0.05688135201680727  0.06938256565477340  0.08204057397223444
  0.09326905521917882  0.10364829409098063  0.11297100456699913  0.12211424558373113
  0.13218148367974480  0.14248135595161932  0.15316159297435838  0.16356882151376217
  0.17372754530393064  0.18383453385364373  0.19357683144667356  0.20323673369278986
  0.21298080955498930  0.22301175605860077  0.23318405955217461  0.24369149651748634
  0.25460832453704751  0.26611134724425400  0.27724548942694860  0.28820466113292548
  0.29835819192166263  0.30837839778448811  0.31862105602102259  0.32899508035702424
  0.33967097762324316  0.35065657731396876  0.36162013907761797  0.37249416431151888
  0.38310122174516176  0.39385233443612772  0.40477086548867980  0.41607287093339596
  0.42664422054239881  0.43674320673055622  0.44667539512473825  0.45690242887666244
  0.46745271206100258  0.47784960730512172  0.48802898815208129  0.49788169743825189
  0.50734493366265432  0.51636680358772291  0.52537599557186321  0.53519707728275090
  0.54664236897172258  0.55967512652698925  0.57264091613715429  0.58482525520864137
  0.59572325735431186  0.60688437482931834  0.61718414572830183  0.62830730070051433
  0.63965641558779351  0.65073411626725552  0.66105479990733917  0.67094096990044516
  0.68088513247179849  0.69052823341413316  0.69995552686501239  0.70955745302437567
  0.71966505753323373  0.73007720336396287  0.74070659131688543  0.75115498861245678
  0.76086081331186262  0.77027936491937454  0.78018102424737124  0.79063520411719090
  0.80123587538793728  0.81155267209739179  0.82207386673753902  0.83278175128407006
  0.84368640305257891  0.85472188970861163  0.86648475393533231  0.87792724490231766
  0.88853742903905075  0.89840178632626932  0.90814847062626303  0.91789148442795843
  0.92753928690899379  0.93777912537105612  0.94823829009249616  0.95848211513610893
  0.96816710379919013  0.97843069252617498  0.98935918318444416  1.00000000000000000
 -0.00055128497564770  0.05377404993170136  0.08537305319892802  0.10297426748364291
  0.11692457233576249  0.12811137312704440  0.13684764536364519  0.14411230827813887
  0.15101916734675536  0.15789409401177840  0.16520050111048185  0.17265102614875039
  0.17938447039168062  0.18561629456506742  0.19142863497671167  0.19708823984635868
  0.20274913354203791  0.20871057156755882  0.21454909165633085  0.22052319827304243
  0.22657732952585541  0.23259294282772397  0.23845305659516874  0.24394655382526093
  0.24906752325935766  0.25404420224363600  0.25877366620167824  0.26333905666408702
  0.26814129096351474  0.27356628465578936  0.27920966373969874  0.28487180425144232
  0.29064598243181139  0.29687962503155080  0.30277926680367423  0.30819628820280026
  0.31344394205527104  0.31868953498710328  0.32417586130771131  0.32979823984324536
  0.33555498598768191  0.34129829858657773  0.34709859108870639  0.35274561395223486
  0.35836337591129497  0.36403528003919050  0.36982891840490090  0.37575960784321194
  0.38165214161098487  0.38731220980150749  0.39290544339067951  0.39876193006546384
  0.40504298387941079  0.41148133268664910  0.41804935912958352  0.42474680241443141
  0.43143049875083794  0.43800986256628366  0.44443014394649860  0.45085108940382690
  0.45759315003456175  0.46487364484766230  0.47274613291465328  0.48037324179232954
  0.48808599906741701  0.49565865540877968  0.50381935725381133  0.51246008480056848
  0.52125239536425660  0.52960158552714109  0.53778818009485374  0.54605864427482598
  0.55472410798659522  0.56389709639316965  0.57334407879967686  0.58264273682679280
  0.59213668644579354  0.60152102567051036  0.61153905988997870  0.62202987013913957
  0.63320808195526113  0.64390583353424025  0.65454480400351500  0.66560071099870433
  0.67834304357406461  0.69206408861795421  0.70610804699258423  0.72130174998057306
  0.73796528939384887  0.75502666601884683  0.77486744291656162  0.79656265268158544
  0.82257601158081095  0.85326482152200267  0.89934981875242526  1.00000000000000000
 -0.01409261407983340  0.11868255443398190  0.15532485099725016  0.17825788833944692
  0.19496214976162668  0.20910136233792204  0.22198419997956206  0.23367936999648639
  0.24505287925019023  0.25629414115236193  0.26721801647941756  0.27761356041979429
  0.28740703258822459  0.29613574553917849  0.30372302574650734  0.31124026615659933
  0.31830901832879954  0.32523554436811647  0.33202611930240317  0.33822238717143061
  0.34383825097846643  0.34928558504811691  0.35518118690547101  0.36166980843086716
  0.36842670294236440  0.37488878051301222  0.38108564822275798  0.38731651910057080
  0.39352506946287302  0.39953925655317829  0.40538507935149243  0.41111982116424273
  0.41694782145357012  0.42256657321779179  0.42801279349629295  0.43358981560954007
  0.43896571062606349  0.44420314863261101  0.44941654926915342  0.45479267934365258
  0.46027254764474967  0.46568562742132430  0.47094579417771815  0.47609318377158433
  0.48129278121043756  0.48668200433950082  0.49217754438892342  0.49757961035333226
  0.50280681511434611  0.50817580616363245  0.51305023027781027  0.51826727963756325
  0.52367629210882649  0.52909027646748819  0.53453796808849985  0.53981473843135197
  0.54482266919002231  0.54994570624960815  0.55537170024408367  0.56115158008180821
  0.56698856620651206  0.57268114232857514  0.57817721386824106  0.58353572993537717
  0.58885293627373148  0.59424928726366522  0.59990381623955613  0.60566761079620968
  0.61204096277553854  0.61802040617242449  0.62427772600812859  0.63063097433381721
  0.63702139322706441  0.64327130901813212  0.64963780787011560  0.65616257676003431
  0.66305944709109121  0.67031796860298931  0.67743824154934595  0.68450657447100416
  0.69151505117020007  0.69882751903006957  0.70655490119809750  0.71540938046654978
  0.72514154201611125  0.73512711307493317  0.74543736433648122  0.75566188184937055
  0.76616221650570671  0.77774743741830199  0.79091358612678009  0.80623089700877315
  0.82383620930106105  0.84618981220244960  0.88479237151566581  1.00000000000000000
   1.3710016105699999E-010   1.1912660476200001E-006
  <DiscreteSampler_grid>
  Helicity
  1 # 1 for a reference and 2 for a running grid.
  80 # Attribute 'min_bin_probing_points' of the grid.
  1 # Attribute 'grid_mode' of the grid. 1=='default',2=='initialization'
  0.0300000000000000 # Attribute 'small_contrib_threshold' of the grid.
  0.3330000000000000 # Attribute 'damping_power' of the grid.
 # binID   n_entries weight   weight_sqr   abs_weight
    1   4185   5.918920316681669E-010   5.476456924675581E-018   5.918920316681669E-010
    2   350   4.317884263120069E-011   6.031013613759044E-020   4.317884263120069E-011
    3   223   2.839291816355909E-011   1.036751151368832E-020   2.839291816355909E-011
    4   3946   5.487451166316323E-010   3.936465153705262E-018   5.487451166316323E-010
  </DiscreteSampler_grid>
  <DiscreteSampler_grid>
  grouped_processes
  1 # 1 for a reference and 2 for a running grid.
  10 # Attribute 'min_bin_probing_points' of the grid.
  1 # Attribute 'grid_mode' of the grid. 1=='default',2=='initialization'
  0.0300000000000000 # Attribute 'small_contrib_threshold' of the grid.
  0.3330000000000000 # Attribute 'damping_power' of the grid.
 # binID   n_entries weight   weight_sqr   abs_weight
    16   10   3.122286301850000E-002   1.419116791420000E-003   3.122286301850000E-002
    22   10   3.122286301850000E-002   1.419116791420000E-003   3.122286301850000E-002
    10   10   3.122286301850000E-002   1.419116791430000E-003   3.122286301850000E-002
  </DiscreteSampler_grid>
