 -0.00048218494415756  0.01192833612923236  0.02226710634585958  0.03381481881001822
  0.04533010974305048  0.05626630126407072  0.06717453334751815  0.07822258040399678
  0.08933627839613599  0.10057889958484360  0.11168701465497033  0.12286001524884882
  0.13358776573641218  0.14445885758811802  0.15565504870636257  0.16689995858606438
  0.17791069660573619  0.18851390670436777  0.19912356519371016  0.20952555099961784
  0.21992008444028385  0.23008763330176060  0.24020709324565903  0.25025524897825463
  0.26056411452501549  0.27108014674235120  0.28174251403945710  0.29234632056375581
  0.30302806071989735  0.31407985862082038  0.32538720642218799  0.33653575582543005
  0.34740703897825731  0.35841264937867057  0.36953734855839704  0.38040497742665325
  0.39105198989175988  0.40182092882453796  0.41274398091574716  0.42352417952847010
  0.43421562374953382  0.44508195450585819  0.45598541242730234  0.46685247101171817
  0.47802889532844550  0.48958835197559258  0.50097757262334952  0.51205907218264557
  0.52300254271211521  0.53361956891352924  0.54394154505733550  0.55416023466088671
  0.56463747517490348  0.57541916022311113  0.58604514073647795  0.59658199352190600
  0.60705532107293991  0.61746652111337852  0.62774397252662473  0.63774143043827103
  0.64777299193257920  0.65790294434663321  0.66819457119124959  0.67853915402442921
  0.68884435856523552  0.69901081647739383  0.70916696150290925  0.71941229605434787
  0.72974541569439166  0.73992132602414773  0.74993630756159468  0.76023965921995196
  0.77069725501180619  0.78127202494553072  0.79187089025323965  0.80243028721190124
  0.81294539304029079  0.82312092441632245  0.83312543986908472  0.84319998336462376
  0.85337335647317947  0.86372163781633049  0.87404381860378400  0.88412149345409163
  0.89420518595472409  0.90398843189690792  0.91390484607884404  0.92370966215273842
  0.93360798481728158  0.94336173602858375  0.95309162554815818  0.96294920618721758
  0.97283312728461213  0.98229418372752830  0.99132120697350301  1.00000000000000000
 -0.00230163743177466  0.01016168929158893  0.01996180234715088  0.03098106558598701
  0.04191981518471211  0.05288130846925572  0.06375903383786308  0.07485776155983975
  0.08545131515777717  0.09595728868360530  0.10634689002643036  0.11702522127620800
  0.12776117831798459  0.13845902436882707  0.14940615410338329  0.15974106491907528
  0.16997409861525975  0.18007059017538340  0.19011394087342054  0.20042677691845870
  0.21089455560309911  0.22197298202896162  0.23319859967565995  0.24476186444291012
  0.25602598663833120  0.26724364383527038  0.27805426585325616  0.28882534385356112
  0.29918296461150723  0.30944296841064717  0.31965480136778607  0.32997585415170250
  0.34036998543190627  0.35101621241384384  0.36179052719044941  0.37241840523323277
  0.38307298366536358  0.39347640474611162  0.40394972363314202  0.41438991775895007
  0.42515637517991395  0.43606519346639278  0.44667645181173637  0.45708651731591610
  0.46722627409506240  0.47766203598488349  0.48821075397698799  0.49906350345632755
  0.50926321549862663  0.51905709995044302  0.52915016413345084  0.53929581204992738
  0.54937976262291799  0.55956535416238862  0.56970802001446352  0.57982094719639676
  0.58967106850303863  0.59959020691936527  0.61003606683628608  0.62095885324052968
  0.63202889447642707  0.64296633254609803  0.65356645939015590  0.66407421545286127
  0.67505515051934262  0.68623876970319841  0.69721833268406408  0.70789369387952061
  0.71879246045409906  0.72973256218860805  0.74011018508571780  0.74990990305109195
  0.75969351525626050  0.76997306074382699  0.78073487080061055  0.79163419618083442
  0.80234519403748872  0.81273952039804165  0.82302598014420270  0.83327966824737720
  0.84375681681584136  0.85445835316358454  0.86478449414568659  0.87493133040341042
  0.88496555287619783  0.89494491682282529  0.90482710201270922  0.91442158655345052
  0.92416670825249203  0.93409697862976782  0.94436738623984195  0.95498043054381199
  0.96580117468974924  0.97679048273440439  0.98817300102513994  1.00000000000000000
 -0.00198474716042407  0.00991701033391824  0.01936094135236531  0.03008882591247155
  0.04068095263725703  0.05091436187956263  0.06059402954919067  0.07082549516802335
  0.08121126408445742  0.09180334746555249  0.10227944996716265  0.11292985567904767
  0.12341802348939745  0.13381933061458309  0.14431512075427402  0.15541917904100316
  0.16678923936716186  0.17815127444086817  0.18912390373340773  0.20025598883124754
  0.21104906023529568  0.22145224339747233  0.23179277017892139  0.24222082018763555
  0.25288607796948781  0.26372936322925944  0.27433539499292903  0.28501355283722629
  0.29544995628750587  0.30565644875370224  0.31596027080686495  0.32643980550304885
  0.33722163065768301  0.34740616185706252  0.35784345438351456  0.36839682160030029
  0.37926900699821431  0.38997037608886376  0.40085160313020896  0.41193666619695152
  0.42275283906745620  0.43335719903843889  0.44408959302202894  0.45490767820781003
  0.46575027182386225  0.47638107954664111  0.48665550730305307  0.49674731433054553
  0.50693135841781500  0.51744882677610893  0.52798852352550385  0.53842435707992387
  0.54899871118746069  0.55980801586315265  0.57075143669370609  0.58157294310183327
  0.59271106053216926  0.60366604207449126  0.61462286997606186  0.62509903996278882
  0.63603603722604829  0.64702996897033049  0.65794456748476238  0.66883277914614558
  0.67960874081033074  0.69060904729251205  0.70130147968121259  0.71200113968872902
  0.72288730982318383  0.73351459236766148  0.74364567668824810  0.75356179787744526
  0.76325927497181267  0.77320282893178871  0.78346741710793077  0.79401483659791583
  0.80451189004883361  0.81467687034721425  0.82454035141751336  0.83451053442884404
  0.84458361258374670  0.85461700245077266  0.86420930083222247  0.87356588261645929
  0.88347610562129442  0.89358573315423018  0.90409342381117064  0.91444661610820133
  0.92467103122910854  0.93478497045018039  0.94508218208227057  0.95574718177329898
  0.96689460883048850  0.97795127314118424  0.98908357631052202  1.00000000000000000
 -0.00187947134037177  0.01043400128820842  0.02052924096377583  0.03106324855925678
  0.04193627702225150  0.05262649704436181  0.06325793292591338  0.07384077001922543
  0.08489187826180668  0.09574888948018766  0.10648529507424025  0.11648159934032601
  0.12647286433395671  0.13632059074150832  0.14635188481660263  0.15637873170038197
  0.16647657996244661  0.17694267252323867  0.18746402680135513  0.19826849165538366
  0.20880860396561560  0.21910607892125422  0.22964156530211421  0.24035254330451142
  0.25158629032443275  0.26284591940682656  0.27416427797663406  0.28512231702990337
  0.29605357057930937  0.30701500406496463  0.31760335279601015  0.32811869963425977
  0.33839646636723303  0.34874905405398227  0.35911665258736086  0.36965785703879989
  0.38063125698049205  0.39158400885348199  0.40247701796449076  0.41346797256109696
  0.42460045767603094  0.43561048327188984  0.44660601497186581  0.45725078804699149
  0.46773714312818115  0.47795054660836322  0.48836670230007551  0.49858785018333812
  0.50894931801229037  0.51921413572127173  0.52965469548996325  0.54038217930117338
  0.55069028908531326  0.56082061688177565  0.57054417279854241  0.58030100961481235
  0.59016405247193326  0.60036640165084409  0.61064608860228331  0.62107427733570064
  0.63130512155183882  0.64142698105711105  0.65141434073660187  0.66146527183603610
  0.67218796554581117  0.68354218238095099  0.69472281558322735  0.70528848648162967
  0.71558558137129991  0.72586160764884755  0.73615462471573123  0.74631268643762971
  0.75656522880071986  0.76692113308591858  0.77782522297038126  0.78908875666888156
  0.80060622875212151  0.81186304520761199  0.82262507674658414  0.83308610741766975
  0.84325497341997047  0.85320159988904787  0.86331346805681619  0.87336361438528287
  0.88372451416097164  0.89392202004617016  0.90426916378201982  0.91486158300493947
  0.92562720410000399  0.93621176686341390  0.94669433572322459  0.95731568609996553
  0.96781371431967955  0.97866288772786858  0.98934101286902043  1.00000000000000000
 -0.00216705610808334  0.01050005377377333  0.02037491354642125  0.03118819092637376
  0.04151012782655401  0.05223507339796218  0.06277031208654524  0.07424388756153333
  0.08584260219295231  0.09748433718965001  0.10855305248105183  0.11927758228165929
  0.12961498566940635  0.13992629372353621  0.15054916662345455  0.16155127012310011
  0.17245691536702079  0.18291621877332498  0.19349097844855145  0.20394560201764053
  0.21461078582410831  0.22537362958174781  0.23596597951079162  0.24642364666335126
  0.25662055695489322  0.26687435880293181  0.27720125894564362  0.28719922349357391
  0.29738588012595452  0.30765602351498711  0.31797220483385080  0.32827879092065454
  0.33869586466588852  0.34924256783427143  0.35954661191478582  0.36938031297250468
  0.37930425720239164  0.38946080907307451  0.39973769057101172  0.41006648454830241
  0.42068311098127470  0.43159302205340094  0.44251956031819706  0.45343623836881519
  0.46413635854910956  0.47447120584011143  0.48446468396134607  0.49453603516312711
  0.50467442779435112  0.51492538625619866  0.52502902585352540  0.53533133373141317
  0.54547498698848884  0.55568440142182329  0.56599938293999230  0.57623014109888504
  0.58659821671370949  0.59708872234842003  0.60772297427280564  0.61827416565509830
  0.62903971856330332  0.64007234963098036  0.65094256825370522  0.66142335834007693
  0.67177380756928473  0.68198537328983255  0.69235579583430129  0.70283264880776086
  0.71340476066614766  0.72406630177591924  0.73463311266772791  0.74506798386454132
  0.75555595110376472  0.76597252232852997  0.77670831942020091  0.78752558129840011
  0.79842043754702263  0.80939226637135075  0.82046652956806809  0.83137612797391980
  0.84219354957787484  0.85280487994153042  0.86321363011752850  0.87318699708517578
  0.88315977106837573  0.89358661760695857  0.90418498226812005  0.91510572714525418
  0.92610916243396224  0.93721357930254057  0.94757161923075983  0.95775651664405537
  0.96811929479621073  0.97857900574700984  0.98927024809529585  1.00000000000000000
 -0.00092327400828850  0.00963306936061791  0.01662566886640212  0.02248117267319301
  0.02772041453245599  0.03261638514997042  0.03732356412364126  0.04190546790154780
  0.04627930213990590  0.05054012208047246  0.05473247086501018  0.05879713227506783
  0.06273895263738476  0.06666252181749791  0.07055952250623786  0.07451744763486552
  0.07842325212985110  0.08233331743793337  0.08627706426419171  0.09021159665536491
  0.09414960102062933  0.09805302293397809  0.10192494925513405  0.10576296082586774
  0.10954587416579034  0.11327588320524866  0.11697620635676291  0.12067312708937032
  0.12439074957455735  0.12812394712611277  0.13183896195844308  0.13550352711940433
  0.13915455344725097  0.14287740471269733  0.14673157780508192  0.15065524355780879
  0.15460976572136817  0.15839582153801743  0.16226272699480715  0.16617633727640818
  0.17022875091155998  0.17433156662642418  0.17841549027391168  0.18251553404222426
  0.18666805814701173  0.19091680364170652  0.19527554114707146  0.19968339342112099
  0.20406265495720546  0.20850660372204566  0.21299544054891137  0.21754138416873656
  0.22215625035083467  0.22682848379963874  0.23160633655456225  0.23651866809106678
  0.24159875837783620  0.24667376871159472  0.25175909547307601  0.25692341330988666
  0.26212860041010866  0.26748622697906438  0.27299000136145962  0.27870689787325398
  0.28450816963318776  0.29040520397878522  0.29638796196509198  0.30253747729440339
  0.30879985973546437  0.31528374376498647  0.32196319672512813  0.32881252344812573
  0.33606185555057339  0.34369435569534479  0.35172324108555725  0.36041565877858328
  0.36945397417991271  0.37906223820414187  0.38927103569332078  0.40041180912158392
  0.41236920792112008  0.42552074782202293  0.43967000979821147  0.45562549639613625
  0.47386746982575079  0.49501494308227301  0.52040208339906746  0.55173123649820133
  0.59122722429148533  0.63545671439167917  0.68180752779973353  0.72847522563093725
  0.77499901442468166  0.82415394361022198  0.88425388134078042  1.00000000000000000
 -0.01800220693417602  0.10772394625625881  0.14453742337064557  0.16656266211022919
  0.18454348203617196  0.20006746360979960  0.21349662285346477  0.22543629069936599
  0.23628254826224268  0.24643266540432171  0.25616976338450226  0.26545149714636707
  0.27447467681967946  0.28283585948119294  0.29102276362478063  0.29881058928594867
  0.30662241476794166  0.31407859840178642  0.32137376936000789  0.32862380456362011
  0.33577668269083455  0.34272913700495417  0.34945571081513327  0.35609381081684394
  0.36258539940097501  0.36888752539785674  0.37511751555237616  0.38127760804665556
  0.38740831169943840  0.39362568400216907  0.39973723457761534  0.40573821002440202
  0.41155198767394247  0.41720512413330135  0.42283111860196509  0.42844756766462533
  0.43416995580708567  0.43985667128489991  0.44550831441085698  0.45110930928881160
  0.45663976355387953  0.46213273953174666  0.46761461748132632  0.47309254348134872
  0.47866186488603008  0.48454094854385638  0.49054845100477745  0.49643003293055737
  0.50222594963591050  0.50788465022476081  0.51361565602249626  0.51934555827230400
  0.52494702722057951  0.53045079183972610  0.53595273870814852  0.54153665003945817
  0.54718059747237913  0.55264299938524664  0.55808089852329101  0.56336376805275268
  0.56890616250108128  0.57449211087497842  0.58028791676569391  0.58620899944505100
  0.59224280849429145  0.59828302894245800  0.60436134287468191  0.61050071158106622
  0.61666978939774730  0.62283718567345714  0.62901682668466030  0.63529992207247354
  0.64176052009846196  0.64849003293344121  0.65533174078459622  0.66221137911190597
  0.66916025217037067  0.67646494949773139  0.68393868801553870  0.69165960259428250
  0.69986167836309165  0.70804948188275563  0.71657689144363057  0.72520395621349198
  0.73425772059420558  0.74360701826386499  0.75372936145210279  0.76443010934273448
  0.77547170673392551  0.78713852857321653  0.79998156720711100  0.81462312418654514
  0.83148604030705309  0.85321751434609561  0.88915508435878110  1.00000000000000000
   1.3251721169600000E-008   1.5394966282900000E-005
  <DiscreteSampler_grid>
  Helicity
  1 # 1 for a reference and 2 for a running grid.
  80 # Attribute 'min_bin_probing_points' of the grid.
  1 # Attribute 'grid_mode' of the grid. 1=='default',2=='initialization'
  0.0300000000000000 # Attribute 'small_contrib_threshold' of the grid.
  0.3330000000000000 # Attribute 'damping_power' of the grid.
 # binID   n_entries weight   weight_sqr   abs_weight
    1   4298   5.735748018839801E-008   1.427633746331378E-014   5.735748018839801E-008
    2   86   1.164798425583143E-011   3.215714301459805E-022   1.164798425583143E-011
    3   92   1.563657652895120E-011   1.418640920043574E-021   1.563657652895120E-011
    4   4352   5.815253711781505E-008   1.474402275795296E-014   5.815253711781505E-008
  </DiscreteSampler_grid>
  <DiscreteSampler_grid>
  grouped_processes
  1 # 1 for a reference and 2 for a running grid.
  10 # Attribute 'min_bin_probing_points' of the grid.
  1 # Attribute 'grid_mode' of the grid. 1=='default',2=='initialization'
  0.0300000000000000 # Attribute 'small_contrib_threshold' of the grid.
  0.3330000000000000 # Attribute 'damping_power' of the grid.
 # binID   n_entries weight   weight_sqr   abs_weight
    16   10   2.035004605850000E+002   8.666011879600000E+004   2.035004605850000E+002
    22   10   2.035004605850000E+002   8.666011879600000E+004   2.035004605850000E+002
    10   10   2.035004605850000E+002   8.666011879600000E+004   2.035004605850000E+002
  </DiscreteSampler_grid>
