 -0.00094473214254322  0.01206556261484683  0.02250249522457294  0.03439081209486491
  0.04568190784492285  0.05645960452581957  0.06702651911003316  0.07783685520399573
  0.08888130873544792  0.10027655457345505  0.11181479959628252  0.12330829138612341
  0.13437869839671618  0.14523036993783123  0.15599312719548639  0.16674777487157477
  0.17733698640913226  0.18781861957844617  0.19816880591572342  0.20838687697222519
  0.21849174484026937  0.22848708510444152  0.23855242959268005  0.24865160408261583
  0.25900475527494971  0.26926032112584763  0.27967392101847344  0.29016253009061865
  0.30068427557137228  0.31129392710620729  0.32193095980384800  0.33249620901779858
  0.34293067104782449  0.35349872186074943  0.36443594531313733  0.37538553640152722
  0.38601261799287034  0.39693975305028190  0.40804362781856784  0.41900226949384600
  0.42958952342692336  0.44064300176696725  0.45197688315846030  0.46285815132311781
  0.47349247509155012  0.48418161271658483  0.49500704881943314  0.50577770351072604
  0.51661757101428440  0.52745483817189986  0.53777316575737055  0.54771449924393345
  0.55752395785115672  0.56774755900475804  0.57839042766567494  0.58917517809801156
  0.59992954187388892  0.61065900209659896  0.62134199415650038  0.63189247050735720
  0.64228104600267466  0.65268715065964678  0.66277774848540194  0.67293555771308400
  0.68300536964884939  0.69330739312132328  0.70357932651732547  0.71378660778217839
  0.72398452757486376  0.73420437730484933  0.74425110625644619  0.75439714867307528
  0.76480244783401585  0.77520883251575801  0.78604274621433634  0.79677077697618748
  0.80779748863135958  0.81840917397647728  0.82899249759798765  0.83952421448740455
  0.85017301849762972  0.86083886740592441  0.87121353138724333  0.88137325053218729
  0.89138890255122494  0.90130555513696065  0.91111522806563472  0.92084089518856704
  0.93074681164678763  0.94083261667554541  0.95099991374658410  0.96090950238009021
  0.97110899168537246  0.98110081793980430  0.99080923081635264  1.00000000000000000
 -0.00236131884337300  0.01035080567705970  0.01975287221162003  0.02993297496743083
  0.03998645170145776  0.05062038168748477  0.06104728107119803  0.07194733589399965
  0.08225490528092125  0.09283348207967522  0.10347328231895056  0.11452815587099180
  0.12550332124957408  0.13619101023585489  0.14693241798220397  0.15722222205908079
  0.16726662074907936  0.17707335171388969  0.18706975835668105  0.19773602572033258
  0.20869636466748070  0.21978896813988300  0.23099147649791660  0.24276453466824338
  0.25494897343940187  0.26669831286354190  0.27780342480178272  0.28843286836360388
  0.29851304519878086  0.30838120049013945  0.31829790755497228  0.32864279641286770
  0.33931232917258225  0.35045808175831122  0.36170007902394169  0.37278513244368267
  0.38392771919097107  0.39471997362961381  0.40522200805807768  0.41553371538505768
  0.42612694220756880  0.43686893268900862  0.44742412416422478  0.45798309128581499
  0.46830590467620159  0.47881716035379257  0.48937304495076378  0.50009660141175660
  0.51041791200628406  0.52027970867181517  0.53049625111538679  0.54085796699160782
  0.55153946412078303  0.56220203746544151  0.57257957098174650  0.58287940266632887
  0.59317994657417283  0.60359804677573781  0.61433501858130413  0.62532546462905469
  0.63628000238089921  0.64693360372705588  0.65742673852751599  0.66789898409696069
  0.67836574666599747  0.68873023465018912  0.69896370948855469  0.70938325558854953
  0.71994110081178397  0.73046576763854931  0.74068422113447041  0.75059020420147271
  0.76053529691821964  0.77057355742440348  0.78091946005388713  0.79161835191990615
  0.80247050766324635  0.81327908998353504  0.82391935212759981  0.83438324151075027
  0.84463444845385560  0.85461077944239561  0.86450259134783369  0.87447043998654772
  0.88470105440835900  0.89482012727680460  0.90481905098044579  0.91468985506305989
  0.92490933377991358  0.93526083142624516  0.94570074407051408  0.95614513396514689
  0.96683724889872114  0.97764021179037819  0.98873772633045109  1.00000000000000000
 -0.00168171878298399  0.01001233973237393  0.01940251710148475  0.02951710205197369
  0.03986892970910315  0.04995277596143985  0.05972194992100970  0.06990586307196232
  0.08019588186026129  0.09049501015828618  0.10070879629570735  0.11154552383250449
  0.12263724027848623  0.13357794705256773  0.14415085029216351  0.15538312233896701
  0.16666571196644947  0.17803097257272765  0.18858368404042425  0.19933028130967317
  0.20986981098020577  0.22032345359073111  0.23098865464881913  0.24170088787777985
  0.25258352454542321  0.26337515486372381  0.27395833870091907  0.28447133406929953
  0.29508164587125324  0.30575898604790108  0.31684497365086850  0.32763282031116620
  0.33817677467161555  0.34844049435158031  0.35922310993854711  0.37030676553438319
  0.38124603519583583  0.39193438074312092  0.40281586513220141  0.41384235827233384
  0.42461379118581605  0.43500768391759459  0.44558056428535470  0.45629965508616421
  0.46719976252777390  0.47785033584528258  0.48805149322672930  0.49799774255150442
  0.50831424293757643  0.51888471133394420  0.52968667890478982  0.54046011743774525
  0.55142067825122032  0.56222574937636083  0.57268092086093547  0.58312680672218631
  0.59374000794791493  0.60444194579308497  0.61510684883299360  0.62588219252901256
  0.63687211572537239  0.64752006492420977  0.65793556650067486  0.66851689804643577
  0.67943347590941983  0.69058394083293617  0.70163284395130177  0.71237659391038755
  0.72316522363805402  0.73346338120317411  0.74348939998660801  0.75346211315764700
  0.76314351085270093  0.77309962997798110  0.78334836568495725  0.79397893992793778
  0.80475383609003459  0.81527182039139301  0.82543665573613911  0.83521771133149536
  0.84470314690373705  0.85415180178799066  0.86359121992042820  0.87316046284759141
  0.88308190591031022  0.89322073720023887  0.90363504211826196  0.91425157545333569
  0.92452081093274774  0.93477513522487532  0.94519942974252591  0.95599916777485694
  0.96735253763558049  0.97834963344803894  0.98941250953400273  1.00000000000000000
 -0.00244206897992299  0.00973168211295492  0.01949045297963620  0.02994796279818073
  0.04097254268846246  0.05191632872013457  0.06253671624014784  0.07298514067370152
  0.08361739087796533  0.09411965061853124  0.10459897601368585  0.11470974515844688
  0.12481437522500462  0.13470031796640619  0.14478031195534721  0.15507999131092420
  0.16518213834529125  0.17547088857391202  0.18555567245438515  0.19624444764996832
  0.20713550422839214  0.21774750713255001  0.22841835441459457  0.23902215827650106
  0.25003603275195485  0.26130486631032540  0.27246001276122928  0.28347061814310204
  0.29434831438096659  0.30561982606636734  0.31673436505538971  0.32773094922235518
  0.33834134365898111  0.34884116613184840  0.35962204374112716  0.37051853984096139
  0.38180181495037557  0.39271307753583429  0.40363959442777797  0.41438526455147995
  0.42517014979798834  0.43583551909790108  0.44664198869044813  0.45743433130789884
  0.46792822842813103  0.47826246020303614  0.48866671815321983  0.49873992012317020
  0.50889513807932629  0.51893132389515051  0.52937553430937134  0.54011059280774376
  0.55059034391437389  0.56103752852260336  0.57113941183240413  0.58112964219939167
  0.59122408336638688  0.60180847373115309  0.61263723029048056  0.62345869381672925
  0.63426164273721009  0.64509676080393319  0.65590036667100260  0.66647122307052420
  0.67727851691170127  0.68832125131446131  0.69926481592887890  0.70996303782735959
  0.72048999860080243  0.73101928625037427  0.74138476065431858  0.75156523930133234
  0.76177169188009863  0.77209754689499410  0.78265613522551136  0.79345322505164351
  0.80429652572330002  0.81504810171108599  0.82527758988431899  0.83531909277694216
  0.84515825559267987  0.85498753569669728  0.86497039417715849  0.87482776813767871
  0.88475663858968634  0.89470357409785484  0.90487277980863667  0.91512718662054560
  0.92542179437276573  0.93584448146300225  0.94633656944094058  0.95685744237728809
  0.96714073796061995  0.97802874756179903  0.98904526263541603  1.00000000000000000
 -0.00237026317953926  0.01036729594292615  0.02028979963171983  0.03102704113899511
  0.04143914932628592  0.05228830031052942  0.06283921287819783  0.07397758288051919
  0.08499894639481151  0.09636006470545387  0.10755410123223734  0.11850053958041314
  0.12890558354420414  0.13892913490070119  0.14888656406850628  0.15911452529008771
  0.16961824654342755  0.18040308920422238  0.19156119953274642  0.20268616440875320
  0.21343097736282415  0.22397143081525342  0.23438969405817792  0.24483885128058672
  0.25510723255713091  0.26521042237717396  0.27541848735505414  0.28556601043236346
  0.29590851755617031  0.30648991034898759  0.31685388523040986  0.32696205100671222
  0.33683639714085684  0.34687087598183197  0.35698005504461006  0.36704149547788062
  0.37732810131828298  0.38786934661001365  0.39837704713245020  0.40890285488447070
  0.41968616596787162  0.43061717356003792  0.44137691841296922  0.45184979183402513
  0.46225761732468384  0.47232693971882833  0.48229426791634294  0.49234760240581915
  0.50253175739608491  0.51279778584058722  0.52315325500119059  0.53380771158473406
  0.54446809251051220  0.55483079478412523  0.56506106389867417  0.57504669057574209
  0.58523582193400636  0.59563071411832613  0.60623141745243159  0.61689822154227947
  0.62792308752845893  0.63918171664640810  0.64999584289480583  0.66029332810483332
  0.67076446348090368  0.68136278222844471  0.69212522961320544  0.70272970623750619
  0.71323141378580723  0.72372214045083860  0.73438534730773952  0.74501995493132356
  0.75557665045424005  0.76580018934889660  0.77638925931565961  0.78732730951332786
  0.79842887270096241  0.80936739794464618  0.82027865363672470  0.83102520492576593
  0.84151710807138269  0.85176186048875435  0.86184118298912493  0.87204315229424634
  0.88243277219523197  0.89316590592317935  0.90378151693169828  0.91445569464849352
  0.92523884077036300  0.93614336476449345  0.94656093233168859  0.95707985765418424
  0.96792057059837433  0.97884077610035325  0.98950855943749028  1.00000000000000000
 -0.00057370237250431  0.00948474582138844  0.01643797451203371  0.02218895061086852
  0.02745955204054629  0.03227818588268776  0.03701431874625671  0.04158261163292965
  0.04595121343583086  0.05023091828935250  0.05447941941297507  0.05860161249261477
  0.06262648233792399  0.06655109871684195  0.07046272672982686  0.07440307885051881
  0.07835409045093773  0.08230548491911509  0.08626716477389540  0.09023111417657553
  0.09412716277140017  0.09810055011381705  0.10203373806360086  0.10592000385749346
  0.10970645148477995  0.11343393933090248  0.11716346349047935  0.12092270419845393
  0.12471887008423360  0.12843388742765394  0.13209645365900399  0.13571200744646689
  0.13936782836164197  0.14312189414689303  0.14696938486877964  0.15087091906965452
  0.15483464451763865  0.15874289910096875  0.16267431566863821  0.16660215144781623
  0.17063222860123989  0.17470277659815814  0.17879460812190509  0.18292064135979641
  0.18710172005868395  0.19138363976555484  0.19575262523342082  0.20013949202090647
  0.20453911485666548  0.20898226120215263  0.21351707297053027  0.21811279734184291
  0.22274904629091197  0.22740877046846883  0.23209961985570318  0.23688743317160713
  0.24180623371376875  0.24683573972866280  0.25193702526434686  0.25709997668771101
  0.26235489472521684  0.26783179591313216  0.27355581148913399  0.27935579804544169
  0.28515655854563110  0.29100530525555490  0.29690052767242742  0.30285078267929100
  0.30889104664203837  0.31520545585858462  0.32185141287282709  0.32872545153025851
  0.33601634019204063  0.34368328240858859  0.35169305540576801  0.36029690671861409
  0.36922747006935625  0.37883580142357565  0.38920680701518295  0.40040101368039538
  0.41230935780956490  0.42524953781858060  0.43936778464633969  0.45528482475600462
  0.47357961506429974  0.49468700695703816  0.51941071596722421  0.54922416376103811
  0.58719309159736766  0.63250486850124443  0.67997067822723301  0.72614710522700887
  0.77265789845542443  0.82242431970463736  0.88250142926550157  1.00000000000000000
 -0.01789784856025104  0.10978483966190473  0.14595074604939554  0.16796851169889876
  0.18558276572207411  0.20045209601433397  0.21334014987331804  0.22515037233183136
  0.23609279801783123  0.24644366093915718  0.25607361275771551  0.26513433389086499
  0.27391703193233607  0.28234558907870250  0.29060071208034771  0.29849510543292523
  0.30629091587095270  0.31380662974553836  0.32121868423989519  0.32844263113830852
  0.33569283138711586  0.34267386253461696  0.34944732221811159  0.35603745859787023
  0.36248067398276673  0.36886332983452530  0.37524263061665342  0.38157726076693099
  0.38792747108600378  0.39431241109677290  0.40050374009185713  0.40649876737143303
  0.41229077374336359  0.41804302672515120  0.42386761193796524  0.42969527827441928
  0.43553018855847658  0.44109107011721754  0.44658889862154533  0.45204020378885168
  0.45748629101235250  0.46301239819646156  0.46868207362627756  0.47441865325320465
  0.48017597952008245  0.48595414223278749  0.49163336319377360  0.49735307391060296
  0.50310912425091925  0.50882158717792003  0.51449504458957718  0.52009853140148021
  0.52562613905333821  0.53115896811541485  0.53670602659152211  0.54223871616944297
  0.54781484720941087  0.55344118528375186  0.55905022914986169  0.56466220757171026
  0.57025825050526990  0.57597017235417558  0.58174687083075471  0.58773996972158971
  0.59372273633178563  0.59961053799038666  0.60546375719584422  0.61141957073722430
  0.61751406723038593  0.62371256215624660  0.62998280611462043  0.63628627621787548
  0.64272046643116465  0.64948063601751560  0.65653994343142652  0.66374337949818185
  0.67104631600130216  0.67840497861630711  0.68575412133548441  0.69327045633635631
  0.70124087675384150  0.70933958185440571  0.71774747218291524  0.72626174767382834
  0.73535589306944205  0.74483999752695251  0.75479219735704695  0.76524727580684904
  0.77640274724112790  0.78858990173426169  0.80213180635542658  0.81722970499961123
  0.83442028852625227  0.85672985168974158  0.89344631517955819  1.00000000000000000
   1.3251721169600000E-008   1.5394966282900000E-005
  <DiscreteSampler_grid>
  Helicity
  1 # 1 for a reference and 2 for a running grid.
  80 # Attribute 'min_bin_probing_points' of the grid.
  1 # Attribute 'grid_mode' of the grid. 1=='default',2=='initialization'
  0.0300000000000000 # Attribute 'small_contrib_threshold' of the grid.
  0.3330000000000000 # Attribute 'damping_power' of the grid.
 # binID   n_entries weight   weight_sqr   abs_weight
    1   4244   5.786533987788301E-008   1.445246415386447E-014   5.786533987788301E-008
    2   86   1.261723666940349E-011   4.142132348743774E-022   1.261723666940349E-011
    3   89   1.384735094768393E-011   9.606429632055516E-022   1.384735094768393E-011
    4   4409   5.775945913280755E-008   1.455972966440345E-014   5.775945913280755E-008
  </DiscreteSampler_grid>
  <DiscreteSampler_grid>
  grouped_processes
  1 # 1 for a reference and 2 for a running grid.
  10 # Attribute 'min_bin_probing_points' of the grid.
  1 # Attribute 'grid_mode' of the grid. 1=='default',2=='initialization'
  0.0300000000000000 # Attribute 'small_contrib_threshold' of the grid.
  0.3330000000000000 # Attribute 'damping_power' of the grid.
 # binID   n_entries weight   weight_sqr   abs_weight
    16   10   2.035004605850000E+002   8.666011879600000E+004   2.035004605850000E+002
    22   10   2.035004605850000E+002   8.666011879600000E+004   2.035004605850000E+002
    10   10   2.035004605850000E+002   8.666011879600000E+004   2.035004605850000E+002
  </DiscreteSampler_grid>
