  0.00033313930519152  0.00036089620403029  0.00037323755006608  0.00038414794207833
  0.00039501141137023  0.00040686403494979  0.00041816223466321  0.00042835564264257
  0.00043783309060206  0.00044691288566162  0.00045583707504687  0.00046466715247162
  0.00047322800903991  0.00048146604694326  0.00048958040984928  0.00049779045943637
  0.00050618455114118  0.00051459868925792  0.00052300618624356  0.00053144376024181
  0.00053993134825810  0.00054862308893978  0.00055731304679587  0.00056640872867938
  0.00057590224370996  0.00058565537967002  0.00059573485336764  0.00060602389773243
  0.00061646903973110  0.00062720279311881  0.00063821852948045  0.00064941871115830
  0.00066078333897460  0.00067230024490505  0.00068411262273353  0.00069526666703611
  0.00070716170021023  0.00071986785588422  0.00073422840913530  0.00075009592037178
  0.00076622405223559  0.00078382862761417  0.00080368185771870  0.00082424242620621
  0.00084511502948487  0.00086692863640581  0.00088941609411072  0.00090923735648972
  0.00092636420112840  0.00094537506739482  0.00096599427427378  0.00098813006966273
  0.00101672236964898  0.00104313355002287  0.00106874966648216  0.00109124630690976
  0.00111333776873320  0.00114301379321368  0.00118945095995902  0.00125818198477560
  0.00133520242454424  0.00141004698038401  0.00148329410338752  0.00155517618286228
  0.00162652880032117  0.00169177202587196  0.00176073969945088  0.00183398511555260
  0.00189214843404156  0.00196316058903011  0.00204861227124886  0.00214408600325972
  0.00226344362717726  0.00234287349062070  0.00245492195626859  0.00253438640117914
  0.00261116472415013  0.00271311218241663  0.00283398566632890  0.00299546458233577
  0.00315675979336547  0.00346399599265360  0.00371892013654717  0.00388632717139598
  0.00404888085814642  0.00423724095021266  0.00460011247360710  0.00520369577369360
  0.00572436505259632  0.00654942039275824  0.00728989190892143  0.00808074394674768
  0.00894002971815505  0.01140569555433177  0.01258476416543321  1.00000000000000000
 -0.00129254658083196  0.00727810515782628  0.01445906782858451  0.02171594653397664
  0.03281351948366244  0.04553110859006040  0.05759365277320059  0.06937029552449471
  0.08088701197978504  0.09251261416800635  0.10442560558024318  0.11629515763572072
  0.12804063343087324  0.13999380536609929  0.15253810638113230  0.16534762453740037
  0.17781789510026147  0.18962799529692817  0.20084966742890215  0.21159093936871834
  0.22230247524250232  0.23297925840727493  0.24348760072930198  0.25398552936647734
  0.26489831178210338  0.27658922629949967  0.28774621991725374  0.29811010317840325
  0.30803560874936980  0.31759045913880879  0.32686820258546895  0.33612790799725767
  0.34569561416174643  0.35586411095481602  0.36563359590049560  0.37498181604814557
  0.38505379373524368  0.39583469380721337  0.40670151799699028  0.41827068485822672
  0.43006924881389103  0.44221637011685422  0.45395815239971432  0.46366720742247935
  0.47311595750517166  0.48191555988236051  0.49042591801060653  0.49896915157458999
  0.50735140345735563  0.51619952036894978  0.52505060325742314  0.53462716474066685
  0.54497345915189122  0.55719337387923773  0.56910929885967221  0.58033097608349871
  0.59055048308793834  0.60111309524770451  0.61207853898790454  0.62377158706679103
  0.63298689282565990  0.64115761312474795  0.64915637809517757  0.65748245195916577
  0.66781431790346246  0.68004331155566344  0.69189633039707510  0.70390277805326151
  0.71438845300207598  0.72241561566282775  0.73040443560081558  0.73806966750583669
  0.74512452490780423  0.75640643127434748  0.76870617644328598  0.78071607620636030
  0.79142399451400425  0.80184289571321954  0.81155561720906044  0.82172139921871490
  0.83238034138436467  0.84219315245745052  0.85315413361096548  0.86346544084305865
  0.87387375359647079  0.88504139190586129  0.89674063331447595  0.90938488214284607
  0.92193691907001074  0.93404667443828460  0.94598668330142055  0.95835677090191174
  0.97088187240179524  0.98155187167403091  0.99105861095565362  1.00000000000000000
 -0.00245062329240188  0.01139491120228244  0.02322693004890515  0.03599293491949815
  0.04769297016185678  0.05825642251623753  0.06793834952124535  0.07818044317924326
  0.08889775803067690  0.10034545852875246  0.11205451109684042  0.12356374283068493
  0.13492895832722912  0.14564540446720109  0.15625810082416042  0.16696059290191409
  0.17817811925037963  0.18984103072559869  0.20163405992475036  0.21308332060527088
  0.22446173412668199  0.23602649007543178  0.24761629752786712  0.25919744272622236
  0.27035213561115073  0.28143060438499351  0.29260096449838741  0.30372553278178638
  0.31496402748970709  0.32599150731822668  0.33678330721234545  0.34737199516432693
  0.35820260041766888  0.37011920758667272  0.38165466687617522  0.39267596783945913
  0.40314687210805789  0.41331320487185291  0.42413678846809177  0.43495975472211412
  0.44553753121504419  0.45625045762460886  0.46624805570779615  0.47676926533964425
  0.48825114673029957  0.50035042578640276  0.51257217209157369  0.52437958152658937
  0.53641440361001336  0.54550328644924595  0.55316444055397829  0.56113252396539437
  0.56944258288377503  0.57833042245816990  0.58966855837443433  0.60130157919027227
  0.61194902679411722  0.62287487961572052  0.63296574491790958  0.64388346009132513
  0.65036220801128697  0.65727665453293083  0.66462457094979499  0.67300266418725452
  0.68296731940891808  0.69390107986808558  0.70398457694767014  0.71380017304876531
  0.72374157773238179  0.73575505766675642  0.74637591942910564  0.75571132423614251
  0.76482872983453032  0.77512780594669661  0.78665332874857785  0.79815040573672313
  0.80953508096721005  0.81883204811472943  0.82701798381383507  0.83411879718311532
  0.84090503663682348  0.84934601958918610  0.85904551538464691  0.86859376504382746
  0.87784121779277313  0.88759981722844983  0.89812140593872369  0.90941733442903094
  0.92059324186672153  0.93194373411524856  0.94372539842818437  0.95622930163823461
  0.96847930931898829  0.97973636498816263  0.98979704753318598  1.00000000000000000
 -0.00272946260423064  0.01168462152100118  0.02350668852726132  0.03590908549142070
  0.04833393481284095  0.06047901733059538  0.07253585963841293  0.08481015204253933
  0.09697363259946776  0.10910573699910213  0.12099844409239399  0.13254114095255934
  0.14378370347708594  0.15494068737253433  0.16597302554046167  0.17701925717567316
  0.18835162306939549  0.20034655673645091  0.21242211904618097  0.22416975011480944
  0.23530158765510120  0.24629050462603883  0.25808813659484653  0.26649599747710934
  0.27334091568215746  0.28118757735535344  0.28946308391481107  0.29940080664794472
  0.31146253854601808  0.32179163119463944  0.32885615902543874  0.33565499345937622
  0.34224880052720558  0.34898853473444907  0.35957217326785085  0.37091627777637182
  0.38182636133826214  0.39291521851705691  0.40328961186986262  0.41356683932883581
  0.42399103822226175  0.43373865298945963  0.44320075163585171  0.45273578196025449
  0.46220880083711507  0.47298505376150307  0.48393554977916997  0.49306903694830295
  0.50291452485070742  0.51175500044219635  0.52078729914062716  0.53082731817479845
  0.54154651014850408  0.55313498247471604  0.56448030335990063  0.57578122698634215
  0.58654380684565843  0.59779136684784073  0.60797363968999485  0.61767604616585869
  0.62737482348733242  0.63729373792808786  0.64756289564998704  0.65894129600374141
  0.66828014731486396  0.67548312013868761  0.68272224075225829  0.69010120865472879
  0.69855255357352797  0.71028840894257794  0.72077797593028747  0.73178651360300051
  0.74296760997195421  0.75466721926405189  0.76618846196065338  0.77744419823703215
  0.78809292479993920  0.79817166630859837  0.80826624885750109  0.81905282443786420
  0.83015940054248316  0.84047518594827808  0.85068342032002542  0.86075457710571790
  0.87062225656376113  0.88056727275487023  0.89007576463782934  0.90118249726840494
  0.91387250667294440  0.92667145190995248  0.93952739096891946  0.95241863434978302
  0.96446906227153584  0.97606187092536134  0.98791395698167728  1.00000000000000000
 -0.00184442129962921  0.00864894619342968  0.01836837578065973  0.03006132326300674
  0.04192521611118463  0.05346119701850686  0.06463370574748437  0.07654296851346189
  0.08812187560778191  0.09891002981186112  0.10988620383712489  0.12087979130413029
  0.13338415700275597  0.14211513561962918  0.14975864328204075  0.15746972536895240
  0.16505951350462722  0.17330598496193439  0.18553175753360385  0.19759335035569917
  0.20921843677440680  0.22072376846502029  0.23186039313513349  0.24276577412977188
  0.25353804853826495  0.26446730312562677  0.27437133106803191  0.28352509949126337
  0.29257289269827175  0.30125994698056008  0.31184993569795239  0.32287153312770933
  0.33292356109847393  0.34110898783782595  0.34940934152429759  0.35920018820766331
  0.36952115561170346  0.37932111242010086  0.38866079683191579  0.39747633099838436
  0.40789493177648922  0.41890012716184000  0.43115580453614871  0.44293272984144061
  0.45447612800520931  0.46601990477419003  0.47837521915306852  0.49122732654958751
  0.50324776566709306  0.51455438488021887  0.52635926272168221  0.53862972442987078
  0.55051476121993626  0.56175480804707811  0.57340509480429636  0.58500837774748471
  0.59597466023430401  0.60409262775265649  0.61221943707532289  0.62055140488443750
  0.62988536292290542  0.63971755176711587  0.64806595533662892  0.65576238579479806
  0.66370999601579173  0.67242141227817720  0.68307074778943444  0.69548906167626590
  0.70725007650140304  0.71830543105687528  0.72880632346842000  0.73976254319999846
  0.75083265611474037  0.76193892381730632  0.77332789817426861  0.78538698916596661
  0.79733146463741000  0.80891818449206920  0.81878161454584841  0.82827990703709631
  0.83770598233673832  0.84846151409450044  0.86047120443103053  0.87148249601583061
  0.88190206670393256  0.89195120695261298  0.90229987879656048  0.91240351425584565
  0.92137899189968553  0.93002224719102000  0.93940142229867163  0.94911566233259492
  0.96107309217262826  0.97339295314490570  0.98683353793361650  1.00000000000000000
 -0.01366848188685648  0.08049221303599152  0.13127767833962678  0.17134946591740866
  0.20423537999909636  0.23095200172947392  0.25390041094032678  0.27512525784335168
  0.29617521478216990  0.31749697387403131  0.33925440393389311  0.35986838863995824
  0.37800237666367198  0.39601604729272510  0.41158008525321221  0.42393726299178325
  0.43555668520182472  0.44566465790180426  0.45524775689727554  0.46402922607074815
  0.47190802755255118  0.47915335631887462  0.48573562687478639  0.49159123829547485
  0.49686111310946296  0.50183504520631106  0.50661593514781689  0.51124281802503513
  0.51571604444582730  0.51990430017790257  0.52385137464959453  0.52781228953628412
  0.53182872756722299  0.53582439976018748  0.53973356763873381  0.54349237167898357
  0.54718615285493699  0.55045680210659198  0.55362595484874411  0.55680080365722395
  0.56009308622894871  0.56356869526131048  0.56704410567664076  0.57047535907066671
  0.57398736190264188  0.57757499925727906  0.58117493702613265  0.58477747005853131
  0.58842089677545972  0.59174460012717744  0.59518789282182771  0.59875183934584719
  0.60257428238817556  0.60691950050947885  0.61151252709285031  0.61645612912386993
  0.62159818493809271  0.62732501010144326  0.63371709221471628  0.64079425052302663
  0.64837324251276340  0.65628581066747860  0.66502545637593691  0.67495664609319417
  0.68525320722983374  0.69457654841092753  0.70059580028365853  0.70685818313044702
  0.71313704001082712  0.71907556358113089  0.72583286094320942  0.73398509996756622
  0.74236501282841905  0.75083223784587783  0.75943023817228739  0.76844219852502316
  0.77724513080502111  0.78569485457045396  0.79412166630840442  0.80257534186351165
  0.81164866796612667  0.82148836252559532  0.83210473833460874  0.84112685809608867
  0.84863445044649044  0.85545301428444376  0.86235512081839039  0.87104510894025045
  0.88077011557249818  0.89069268248153988  0.89992984375385965  0.90989248814104473
  0.92175626833047719  0.93648865923924718  0.95427792619297880  1.00000000000000000
 -0.02719801940774685  0.13686112692129260  0.17744922297518437  0.20138734747476905
  0.21874149411164368  0.23254825972896526  0.24449296301288603  0.25557830545477883
  0.26561147903170146  0.27509227687998111  0.28390180762236605  0.29230651351621284
  0.29963071683378689  0.30660940046197660  0.31391118948461005  0.32149376365162580
  0.32934422307400096  0.33637178980410448  0.34337607616838262  0.35019026640203688
  0.35730779784103361  0.36445358667267996  0.37143312470745393  0.37786524540238020
  0.38368228167713642  0.38912909011319613  0.39469661536824469  0.40036387436548304
  0.40437288503142138  0.40730791212665052  0.41021592376513344  0.41309562748553674
  0.41620166452299695  0.42075945057275954  0.42630152329515086  0.43203623017983817
  0.43779673023423998  0.44378238314252583  0.44989456227963032  0.45588448089553801
  0.46180897134108301  0.46768578011272144  0.47361188390669490  0.47938143832217994
  0.48491395061198167  0.49034464238586001  0.49581101676344747  0.50136116271806286
  0.50693581049232528  0.51290695637067896  0.51868233854066326  0.52383933535713956
  0.52872977710264757  0.53380702128540103  0.53888988940303495  0.54312252673567762
  0.54605339561026867  0.54891108627358898  0.55210688089647464  0.55607486067823586
  0.56151388589967577  0.56668073436331201  0.57176789473045020  0.57659392829631506
  0.58172245101387032  0.58749140624750062  0.59427631152218618  0.60092142587156283
  0.60776142727027904  0.61454700157508235  0.62172772932993559  0.62868125214148096
  0.63568894180009106  0.64227668466772425  0.64896493108698095  0.65586050312052835
  0.66318154446631428  0.67079577343579244  0.67882288668886659  0.68570613523149104
  0.69206705368716992  0.69835809930204140  0.70528331031064573  0.71361137505882477
  0.72238177534436299  0.73046262753758606  0.73709086373657728  0.74426339585669099
  0.75181477336791946  0.76078726031718902  0.77393724147244525  0.78799909816768232
  0.80448820312652702  0.82446508692342058  0.85844707310463531  1.00000000000000000
   4.5113258158800001E-011   7.4534269999999993E-005
  <DiscreteSampler_grid>
  Helicity
  1 # 1 for a reference and 2 for a running grid.
  80 # Attribute 'min_bin_probing_points' of the grid.
  1 # Attribute 'grid_mode' of the grid. 1=='default',2=='initialization'
  0.0300000000000000 # Attribute 'small_contrib_threshold' of the grid.
  0.3330000000000000 # Attribute 'damping_power' of the grid.
 # binID   n_entries weight   weight_sqr   abs_weight
    1   15421   2.161581988646298E-010   4.905565224598858E-019   2.161581988646298E-010
    2   2237   4.767338460650678E-011   6.645072264649713E-019   4.767338460650678E-011
    3   6211   8.269586865966787E-011   3.241142585731419E-018   8.269586865966787E-011
    4   16940   2.326501819670627E-010   7.052286510397036E-019   2.326501819670627E-010
  </DiscreteSampler_grid>
  <DiscreteSampler_grid>
  grouped_processes
  1 # 1 for a reference and 2 for a running grid.
  10 # Attribute 'min_bin_probing_points' of the grid.
  1 # Attribute 'grid_mode' of the grid. 1=='default',2=='initialization'
  0.0300000000000000 # Attribute 'small_contrib_threshold' of the grid.
  0.3330000000000000 # Attribute 'damping_power' of the grid.
 # binID   n_entries weight   weight_sqr   abs_weight
    16   10   2.968788965890000E-003   2.664870465520000E-005   2.968788965890000E-003
    22   10   2.968788965890000E-003   2.664870465520000E-005   2.968788965890000E-003
    10   10   2.968788965890000E-003   2.664870465520000E-005   2.968788965890000E-003
  </DiscreteSampler_grid>
