  0.00033669732785010  0.00034584752029892  0.00035266094328138  0.00035872914539064
  0.00036413967138733  0.00036909806506996  0.00037370628392565  0.00037801980104905
  0.00038206986834810  0.00038587232379513  0.00038949574210490  0.00039304397960546
  0.00039653208178544  0.00039991925401669  0.00040331764475536  0.00040668403847595
  0.00041007638736620  0.00041355860619925  0.00041713943339116  0.00042080270596375
  0.00042454824154954  0.00042837355114908  0.00043227283886666  0.00043628327219099
  0.00044036748022238  0.00044456344866025  0.00044890992352399  0.00045344486087587
  0.00045820898577563  0.00046309670170417  0.00046812072996098  0.00047327047506188
  0.00047851727381578  0.00048383939165092  0.00048920438261697  0.00049498650107879
  0.00050109273068240  0.00050751331022343  0.00051436084268038  0.00052165377049184
  0.00052927984109761  0.00053727955636898  0.00054595216236384  0.00055540059905963
  0.00056562679361172  0.00057636741240333  0.00058696221071870  0.00059719113567609
  0.00060723677887953  0.00061660035728807  0.00062512539186432  0.00063275850644785
  0.00063969842941150  0.00064638581412928  0.00065295345385979  0.00066025388405759
  0.00066903832963149  0.00067708030565247  0.00068399146801184  0.00069052820072958
  0.00069739421524291  0.00070546150931510  0.00071318643908901  0.00072056867329314
  0.00073079744055354  0.00074188373115202  0.00075161289878599  0.00075839729898137
  0.00076557307312069  0.00077263051643507  0.00078198254044556  0.00079463937472994
  0.00080235865568542  0.00080416274811279  0.00080577568705594  0.00080659025274633
  0.00080740072268414  0.00080821119262195  0.00080978323058152  0.00081243448806282
  0.00081803700330663  0.00082592146516534  0.00083296221577444  0.00083991477558778
  0.00085098139194482  0.00086144417349437  0.00087062416169429  0.00087801482485262
  0.00088741445329263  0.00090863964478884  0.00091896656298430  0.00092492570923843
  0.00095373232088102  0.00100389010964918  0.00104055566323755  1.00000000000000000
 -0.00205684652742113  0.01064678232027419  0.02078567232255266  0.03164433909601598
  0.04233088135163508  0.05288130268729292  0.06404277458881018  0.07493689762849307
  0.08560530114424489  0.09637029793307321  0.10729657691928224  0.11808419331233917
  0.12846431105385392  0.13831317575648808  0.14848553561459604  0.15876951520929966
  0.16895102006979307  0.17879231981134602  0.18875593326415044  0.19915376819266012
  0.20977459453723696  0.21999459621763179  0.23026530117233432  0.24076548294308667
  0.25148956287189955  0.26210099271461190  0.27265505377146787  0.28323975892087744
  0.29375992529662975  0.30429139440632197  0.31488813851348130  0.32546457213893215
  0.33604713898765548  0.34683335357575462  0.35781842246404233  0.36893684405278304
  0.38026687202197962  0.39209125997097483  0.40395234046769879  0.41528138556215632
  0.42622099201750607  0.43718563415704664  0.44804800513386978  0.45863215036430366
  0.46904219671767838  0.47952801626764535  0.49004334573741964  0.50044980398656158
  0.51091153642585607  0.52167357093596756  0.53257947279920659  0.54344228816106299
  0.55422640145059188  0.56491938242605899  0.57553635880151865  0.58601347502829459
  0.59661624857763140  0.60770365220252898  0.61894340653409485  0.62983326105046344
  0.64033209491801457  0.65096259648763621  0.66176809387552438  0.67247857438626624
  0.68321232153052636  0.69415959106028557  0.70556296158932519  0.71692271666650942
  0.72797504697513404  0.73840714994650924  0.74861577108788768  0.75884303940935083
  0.76900982662556905  0.77778335495033823  0.78641650640522887  0.79496050891078840
  0.80429336060542123  0.81497710310841232  0.82581270945097829  0.83669719514801022
  0.84753948494548170  0.85802834651673365  0.86806835273154515  0.87778768687561215
  0.88782559395797878  0.89805629965186651  0.90855420502180784  0.91932193559969133
  0.93006739284740525  0.94069877681071179  0.95057206933653460  0.96066205691498929
  0.97074147320686810  0.98075402074019169  0.99037945324468601  1.00000000000000000
 -0.00030943152159087  0.00994296678130090  0.01996206665642585  0.03067091643358405
  0.04119811466087740  0.05211194714736982  0.06291459864273577  0.07314458677668155
  0.08340543902281407  0.09352657477750015  0.10420676031951862  0.11426890992127278
  0.12463060565769328  0.13495962914673504  0.14537356347541244  0.15550557183554636
  0.16596108392836684  0.17662150929780990  0.18699793232959627  0.19646862296025991
  0.20605787509229470  0.21627925634411041  0.22661286664327326  0.23693505583885269
  0.24728469549126675  0.25812878644502968  0.26909511438410694  0.27983129513743943
  0.29012472912650189  0.30056806689743865  0.31120995492396258  0.32208554077855889
  0.33293961713961612  0.34337201581023602  0.35360301772222807  0.36370849557087098
  0.37401845914742282  0.38465855942056199  0.39536025807198832  0.40595606957009661
  0.41648300206319666  0.42702351444777881  0.43781072403024640  0.44879421693966226
  0.45972635419930541  0.47047795611590609  0.48122672587336091  0.49206252924900834
  0.50276031026029078  0.51343925654546863  0.52383784423950419  0.53420692453201590
  0.54480386453569973  0.55571877785021184  0.56612308069998407  0.57630376978380704
  0.58662433982872353  0.59755290184272325  0.60818265784492742  0.61870758088022659
  0.62903835134349828  0.63950526243060024  0.65005662506325523  0.66083899424095949
  0.67177676439785694  0.68259436351988190  0.69325502428807018  0.70384010727480684
  0.71438308358191238  0.72518046620478649  0.73645144298022813  0.74809665452806418
  0.75972528689585395  0.77075493975748133  0.78186135866311046  0.79269907820880381
  0.80415049876421840  0.81497648452593896  0.82549519944547056  0.83568613658614244
  0.84605491708202152  0.85509088106546605  0.86341414717582787  0.87157508850792664
  0.87946276812657442  0.88931784620410470  0.89996195179693339  0.91088800731917929
  0.92192433815765706  0.93304893217577400  0.94410663548619977  0.95531792654440251
  0.96637274590578526  0.97745676501678613  0.98862906876720402  1.00000000000000000
 -0.00050756038257514  0.01072160799298057  0.02041429249872954  0.03141794439599596
  0.04210269248977503  0.05287716164881246  0.06406918789602395  0.07582351939569239
  0.08765829222564285  0.09936489284558961  0.11076303104988969  0.12194709176324112
  0.13294796673246728  0.14380720392419818  0.15473612855718819  0.16565767108565724
  0.17661679677860073  0.18754614845106263  0.19865029686769523  0.20994296822627687
  0.22107211328534954  0.23199791094163077  0.24263061536867303  0.25312902460741338
  0.26346317015571613  0.27384937787451835  0.28436237691237171  0.29504403267538387
  0.30558838061289784  0.31564992699571714  0.32537948132248584  0.33506052397223568
  0.34514067810005711  0.35545338039787094  0.36550932114886675  0.37575250878232830
  0.38612070791016606  0.39712075209964270  0.40828856443070816  0.41914927543544128
  0.42995433985234588  0.44043913150157993  0.45099601749084739  0.46109352204592935
  0.46961731079652691  0.47812986976500738  0.48650892056589157  0.49570743199370282
  0.50599267213713484  0.51642557465979111  0.52695880240051796  0.53740762757446969
  0.54778447659268914  0.55823948019713954  0.56868756791597852  0.57889628308662955
  0.58886421691009483  0.59893571517339461  0.60934877244531482  0.62020122510771059
  0.63095555853326823  0.64142692904072574  0.65179227403109463  0.66235475650205822
  0.67299710632974596  0.68360391698964706  0.69417420064506907  0.70483980605226959
  0.71561404171948007  0.72648753575969671  0.73697139918915655  0.74735422956112174
  0.75728350837615577  0.76733180362226416  0.77758149749570704  0.78818269513540740
  0.79935073820593439  0.81075300030952702  0.82156429669536102  0.83191252482654221
  0.84234925015887463  0.85318548329811794  0.86361320242877038  0.87386398522929365
  0.88421080905623184  0.89500156053146951  0.90561337291850486  0.91609783096094910
  0.92626247431726760  0.93649007386947936  0.94692977941079171  0.95749108325050281
  0.96814232014871993  0.97884379494905327  0.98952631691853021  1.00000000000000000
 -0.00224479192130699  0.01044457820037334  0.02072496771847762  0.03177453032190412
  0.04249214016348572  0.05314756820133176  0.06380418672981153  0.07433682470263725
  0.08458640958610442  0.09456975933793636  0.10503946441711697  0.11590699155222424
  0.12685080842414598  0.13780343024393260  0.14857481234609163  0.15961504835723697
  0.17064034019313096  0.18125613516029046  0.19168158398466384  0.20202201415001919
  0.21277927836983923  0.22382260316673247  0.23514666175907914  0.24675337325940058
  0.25815791060664739  0.26923918860336099  0.27972153725753762  0.29024697602673794
  0.30039994786776963  0.31033668287998095  0.32009530959125521  0.33005676106106729
  0.34017804891972275  0.35064231096313508  0.36169928729577588  0.37303284515139878
  0.38340095300572580  0.39361113200319015  0.40422463208017834  0.41513214256540615
  0.42596677428320129  0.43636661949746058  0.44661025121795683  0.45689990154981575
  0.46733495990697521  0.47842226372561836  0.48947904987858121  0.50030449116565023
  0.51083746757162773  0.52147637305994721  0.53214987264532676  0.54287691983417441
  0.55369975848698616  0.56480869911872189  0.57588503847459960  0.58642453922248750
  0.59660019276830378  0.60680776667572345  0.61731576358696649  0.62811183817869720
  0.63886040968213165  0.64945136512395574  0.66005642764628725  0.67044121063283235
  0.68083101666324553  0.69154168339956201  0.70235394541708385  0.71283824380466543
  0.72288773956011554  0.73286230903577154  0.74320178190122421  0.75351930668914568
  0.76343445842780999  0.77315652867766849  0.78315744717923141  0.79379800301313885
  0.80475769222391746  0.81523677269122075  0.82518827832126396  0.83500629146084315
  0.84500692636201846  0.85531952654845711  0.86593753756395553  0.87676133831653824
  0.88788851027876270  0.89918580515804092  0.91041210877389389  0.92141040985713907
  0.93196468301600210  0.94108593007080821  0.94941693474074573  0.95816548939276869
  0.96680892424550047  0.97851010323374565  0.98926557762987188  1.00000000000000000
  0.00868328474406617  0.02680264636237874  0.04283527907445406  0.05567640898157010
  0.06704946877716124  0.07776269944022063  0.08829339885974745  0.09847843650200999
  0.10863033053700515  0.11874133585975725  0.12880636919900118  0.13904148880868372
  0.14948515628105688  0.16032831924700489  0.17102698716523676  0.18168614137697944
  0.19200927798826908  0.20229688108733887  0.21237480260881869  0.22278475740429682
  0.23338767208191180  0.24418048257801087  0.25501917823424924  0.26573603139975505
  0.27646940073891851  0.28715334673588339  0.29794187110801479  0.30876914712350673
  0.31958824079162462  0.33052888043637391  0.34140241912541563  0.35228190125520559
  0.36321159113534857  0.37425831669081150  0.38527545388390716  0.39598966703039912
  0.40651910701498939  0.41711714672783112  0.42786851643373697  0.43877245208912657
  0.44948834688076927  0.46018658621326991  0.47089693865817955  0.48172375265552692
  0.49252865177088334  0.50345848511952984  0.51448376239556715  0.52547148823342282
  0.53625590907049603  0.54715232664545599  0.55822207114503730  0.56938328528475068
  0.58064494079798268  0.59210093732154156  0.60362493511464443  0.61521042470797849
  0.62665952381728041  0.63799089799058084  0.64916818198875736  0.66030829195205354
  0.67143504021019662  0.68260008399697658  0.69378677646929454  0.70488911166643520
  0.71587553382921243  0.72719969916391503  0.73886893905992479  0.75057271788590840
  0.76199389040255838  0.77340397060842503  0.78496982425466399  0.79646384602407139
  0.80773831459602985  0.81889693496678984  0.83007689920016037  0.84140752971330424
  0.85297752171814023  0.86498857583121191  0.87723136788472644  0.88949800838840554
  0.90174397185284416  0.91411285016752419  0.92650030533192862  0.93883797185851048
  0.95075422556483380  0.96092526391530264  0.96877706606631309  0.97474243604846833
  0.97916746347633787  0.98255651476865713  0.98532617075678930  0.98790922076026677
  0.99066049278295365  0.99339650738594842  0.99645230336686030  1.00000000000000000
 -0.01511378316508298  0.12716511679656811  0.16189975825076719  0.18298112800089225
  0.19946068456455043  0.21366785243242947  0.22679780314804354  0.23863606070914500
  0.24934129332578406  0.25854432992484760  0.26718667783696787  0.27566536314988643
  0.28384901676686880  0.29200226784290850  0.29995752544000703  0.30796911054775433
  0.31593091826101460  0.32364857127019775  0.33103126685496159  0.33794824007350843
  0.34426538922569033  0.35068891418613302  0.35692785890447642  0.36317278858629215
  0.36940356639256700  0.37553397912544545  0.38150573645120794  0.38729243720297690
  0.39307388568475182  0.39880811958237888  0.40463204158395732  0.41036053910715670
  0.41611597720940086  0.42197829967385087  0.42785866633315955  0.43365875116004121
  0.43927417844149430  0.44466706408859979  0.44997139552678411  0.45535159253421476
  0.46086523588682299  0.46651389352672279  0.47200765856234306  0.47728155318246746
  0.48243376647067637  0.48750102163368630  0.49261375437036214  0.49774788657091174
  0.50295646799746019  0.50828995202209359  0.51372487471286521  0.51912813002587888
  0.52444148722061812  0.52976881257806363  0.53520347735448948  0.54064274873134754
  0.54617114437279246  0.55181501202230554  0.55747711666980981  0.56314666873366348
  0.56875616644677141  0.57431465002367910  0.57990875281886767  0.58552109622633308
  0.59121172441248393  0.59690560213379495  0.60278334084561869  0.60884811935772021
  0.61496114796172729  0.62098474650485047  0.62694500136941000  0.63295645908947884
  0.63912354140372862  0.64559139270911026  0.65238277771801467  0.65936745177285805
  0.66637538316091371  0.67307438289139365  0.67994804505543172  0.68692995507605881
  0.69434488990279242  0.70213570143531157  0.71045941702379922  0.71941998315852729
  0.72744925683414696  0.73498628001902810  0.74279081411641235  0.75067983047518583
  0.76205445763083934  0.77402561186934127  0.78741176718548644  0.80275330734393813
  0.82084288717957588  0.84322340593843714  0.87869788323017906  1.00000000000000000
   5.9619690860900001E-010   1.4228857777799999E-004
  <DiscreteSampler_grid>
  Helicity
  1 # 1 for a reference and 2 for a running grid.
  80 # Attribute 'min_bin_probing_points' of the grid.
  1 # Attribute 'grid_mode' of the grid. 1=='default',2=='initialization'
  0.0300000000000000 # Attribute 'small_contrib_threshold' of the grid.
  0.3330000000000000 # Attribute 'damping_power' of the grid.
 # binID   n_entries weight   weight_sqr   abs_weight
    1   8092   4.052737941961476E-009   8.649580298273960E-017   4.052737941961476E-009
    2   87   5.274420990158960E-013   1.069878780519528E-023   5.274420990158960E-013
    3   92   1.015460019383458E-011   9.066043476261865E-021   1.015460019383458E-011
    4   7468   3.806882981263650E-009   4.455160003088406E-017   3.806882981263650E-009
  </DiscreteSampler_grid>
  <DiscreteSampler_grid>
  grouped_processes
  1 # 1 for a reference and 2 for a running grid.
  10 # Attribute 'min_bin_probing_points' of the grid.
  1 # Attribute 'grid_mode' of the grid. 1=='default',2=='initialization'
  0.0300000000000000 # Attribute 'small_contrib_threshold' of the grid.
  0.3330000000000000 # Attribute 'damping_power' of the grid.
 # binID   n_entries weight   weight_sqr   abs_weight
    16   10   4.745488554439999E-001   2.542182522770000E-001   4.745488554439999E-001
    22   10   4.745488554439999E-001   2.542182522770000E-001   4.745488554439999E-001
    10   10   4.745488554439999E-001   2.542182522770000E-001   4.745488554439999E-001
  </DiscreteSampler_grid>
