 -0.00093874788067292  0.01272523007805187  0.02349754653377475  0.03472712498869678
  0.04547200671863636  0.05572180194082908  0.06618144154389100  0.07701507088061908
  0.08809294653268511  0.09933156927298689  0.11044997981196245  0.12149372223252487
  0.13193476719000549  0.14212022559403681  0.15267176824018139  0.16332381393543050
  0.17401995334115458  0.18444019804740328  0.19483094462560283  0.20524137526633793
  0.21562334816282119  0.22606515669681332  0.23678074038439775  0.24752447599991817
  0.25818714604236886  0.26852281748386347  0.27875547736500428  0.28896408643214300
  0.29905053818211469  0.30952801413262870  0.32024468078656737  0.33128895352113102
  0.34202205818278864  0.35265262785020063  0.36364593331318162  0.37456450037544253
  0.38526467429636552  0.39605797318679098  0.40714771786839299  0.41808526263526435
  0.42881966452846254  0.43984398966273641  0.45126685977672698  0.46209433267861011
  0.47276523121037950  0.48364950541753932  0.49492227518527887  0.50598405681280234
  0.51694127749434304  0.52754612455957584  0.53786275706880693  0.54815112258798848
  0.55837492554159762  0.56885342027406960  0.57938256623073614  0.58990462142354549
  0.60057222671324906  0.61122738893664663  0.62179601294299591  0.63193666720226427
  0.64182243512914583  0.65175264018137558  0.66175397497465516  0.67188696921811286
  0.68212627004690751  0.69236569870036513  0.70256916996305985  0.71270738009391632
  0.72298836011428957  0.73338579658339387  0.74364588266184639  0.75375849843463938
  0.76404878302052881  0.77434279787593430  0.78504661458475533  0.79593823908185657
  0.80701618519631491  0.81785847695110903  0.82826140867666675  0.83841778317872107
  0.84862724455667027  0.85904254094052046  0.86965979271906113  0.87996891334084548
  0.89000597527393499  0.89987957560996423  0.90981871967983241  0.92000048812033597
  0.93027112177121185  0.94055455716825775  0.95061694588451962  0.96054725674570818
  0.97088212301028598  0.98118831644448756  0.99082691489470098  1.00000000000000000
 -0.00219491140919259  0.00965356963619266  0.01879971298598405  0.02900145197408485
  0.03951103197200922  0.05048592122771979  0.06117363427325356  0.07236914892902363
  0.08300994311273102  0.09388761151713942  0.10467044948914678  0.11573469314420616
  0.12642741057855300  0.13671166863967160  0.14718944155650454  0.15736571873782201
  0.16740542686612453  0.17726658594132683  0.18742242190442848  0.19807753292722596
  0.20869239946735335  0.21932132679406938  0.23007507129032712  0.24127800133243249
  0.25265621043789882  0.26402663385296327  0.27501680716655991  0.28569782591021264
  0.29595487026992617  0.30589430803026640  0.31602977846849445  0.32638734743093240
  0.33674468876106461  0.34698940604711020  0.35731569244930783  0.36768661990239815
  0.37838723639931976  0.38882131889340610  0.39918723412348522  0.40952851990988071
  0.42006070854083810  0.43077272667909228  0.44131340705561700  0.45186393697071603
  0.46251296804967396  0.47347342419096594  0.48488239566693625  0.49628471159800880
  0.50713571614787822  0.51745617354340423  0.52772836623991459  0.53788896818100773
  0.54786384488379791  0.55809566674613598  0.56830264138932873  0.57829315064192877
  0.58829735732330479  0.59845630503462321  0.60908938419361081  0.62007539432501391
  0.63121018439586130  0.64225870458008494  0.65294085670555468  0.66316753178890853
  0.67334265498789581  0.68355018499656717  0.69382410330075950  0.70414421966754193
  0.71456055444740540  0.72504079536619537  0.73546380367693276  0.74574925932507541
  0.75612273862711310  0.76665086859794918  0.77745987637903746  0.78873929726333292
  0.80011989157455632  0.81133228342159003  0.82205376565291166  0.83263992739515003
  0.84300519899059423  0.85335350306362778  0.86361371235401696  0.87394176185292116
  0.88428322941477100  0.89454078358584788  0.90475951439503643  0.91462217009368529
  0.92489576216663250  0.93531820271884669  0.94631291004056906  0.95694492146553101
  0.96769478623744565  0.97822728076073251  0.98908192143657236  1.00000000000000000
 -0.00070246010920923  0.00940784379966081  0.01835724095876594  0.02858696159462452
  0.03900892120182536  0.04935150110006141  0.05958300153357463  0.06999119689987052
  0.08028331216023941  0.09059792301920634  0.10083516187213855  0.11185768243943978
  0.12287048154078152  0.13382253088707738  0.14435356318360035  0.15525880134506445
  0.16619297659783594  0.17727930591512450  0.18806796673366499  0.19934689602714589
  0.21042048791773638  0.22120419218702012  0.23197219962682128  0.24267622835115835
  0.25364339617407766  0.26443419881321095  0.27486733042603517  0.28522047985607996
  0.29543217466811700  0.30575803616830893  0.31630394303724796  0.32713890686537356
  0.33753471492897419  0.34763336098935271  0.35802856248497195  0.36908919176794391
  0.38014498019252851  0.39099303718244893  0.40202036513428241  0.41325763837260399
  0.42431756125913439  0.43536072562678541  0.44640006904587720  0.45742484732613697
  0.46814383822435574  0.47875845592184207  0.48917028394800766  0.49909614042558165
  0.50899878299572210  0.51907914705585489  0.52959891890345523  0.54042873006993508
  0.55132780974788476  0.56220935870971145  0.57297422603319281  0.58340035995922912
  0.59407593445805729  0.60455679300494913  0.61514904435502371  0.62572825154292633
  0.63658639904005010  0.64751077565177950  0.65801825698017236  0.66839145910099240
  0.67898416440764342  0.69000167849211658  0.70107705495464234  0.71201839852160620
  0.72303350536667943  0.73384431726796473  0.74422639585653849  0.75465430417104140
  0.76475151081304849  0.77506232900760863  0.78540828816913977  0.79585758731709311
  0.80634276254989112  0.81639353673790738  0.82621709834355295  0.83604705247172129
  0.84587298728988414  0.85565897663090829  0.86498633201551167  0.87423276116636706
  0.88394042850616861  0.89370700878768328  0.90374361278170146  0.91390076701892631
  0.92413365338896158  0.93442720054164785  0.94472071635610322  0.95536640533337758
  0.96645265472047936  0.97761448520999095  0.98884987952590364  1.00000000000000000
 -0.00267129824817387  0.01073826246216757  0.02083717921516046  0.03138151451958341
  0.04192221477290940  0.05240318784842776  0.06269780592435444  0.07294044904820206
  0.08348263173090020  0.09387489076277680  0.10451569348066173  0.11482416559172054
  0.12541153205124575  0.13565487193404654  0.14578791789423060  0.15605678959045144
  0.16651393496003347  0.17707528731677250  0.18747669833155167  0.19801576865601142
  0.20862865320119728  0.21911994742686244  0.22963294508549401  0.24041956402156517
  0.25131227520140637  0.26269085097382106  0.27397294134296235  0.28523247912423866
  0.29632771720790158  0.30734787219011378  0.31794109123962805  0.32828755843483887
  0.33868085349424859  0.34910276061926232  0.35971354808237382  0.37039018882647984
  0.38166644873412159  0.39302742296475229  0.40423454683871374  0.41541311904460199
  0.42618403257212290  0.43692297910881561  0.44774172996916117  0.45845833088162879
  0.46870713412046866  0.47862488343429960  0.48870405289382318  0.49857245632035202
  0.50876348194083387  0.51888473649852707  0.52940388841109254  0.54000876242989504
  0.55057041034486121  0.56092771560767285  0.57114196639681847  0.58107394548541014
  0.59102733027762522  0.60134106077005700  0.61208298957036789  0.62301874605076502
  0.63350642875744134  0.64372265356521230  0.65384885976242657  0.66407511933202756
  0.67481786912254227  0.68619262743115805  0.69751196786398872  0.70848406623801197
  0.71916870228869301  0.72957138541648736  0.73974577849873524  0.74949747380777654
  0.75954726356842472  0.76957890495627823  0.78002508847057650  0.79066696714214590
  0.80131335167773243  0.81186772123975992  0.82177205170035761  0.83165186099039945
  0.84155346447879065  0.85147586242836037  0.86166007263572197  0.87203147113509383
  0.88287802492026535  0.89359672758566477  0.90424217215376146  0.91492638574347285
  0.92538737116887171  0.93585119364254354  0.94632285962204299  0.95731247665441155
  0.96791994426448436  0.97873717621645295  0.98939874377336356  1.00000000000000000
 -0.00249292102194875  0.01011142986775114  0.02014682142152622  0.03119112742144309
  0.04220001425987623  0.05331273791789509  0.06419590835853110  0.07572549205014437
  0.08723526035638733  0.09864209415752974  0.10949316033296182  0.12001289266794886
  0.13010490864696239  0.14021254972560843  0.15052603101620790  0.16116742800015174
  0.17181132894730275  0.18237069659574817  0.19326908384105385  0.20394721648924119
  0.21456170211396530  0.22509342234069477  0.23551238090861687  0.24605166064372588
  0.25621886870778598  0.26640951937293322  0.27649002961466518  0.28673522540951357
  0.29718667837843127  0.30781709164457033  0.31825825776501904  0.32876674678158230
  0.33957873045361753  0.35052944154463617  0.36091666184108401  0.37087906668994608
  0.38083778768043058  0.39112285033296346  0.40154443430037468  0.41216217334243543
  0.42319397918037682  0.43413740995540073  0.44472398969144261  0.45494329800911310
  0.46504906658381534  0.47508060549978920  0.48511270467933376  0.49527809595805111
  0.50570132322908345  0.51613994652208317  0.52652162398904323  0.53689099653523187
  0.54719878069503802  0.55752187151068666  0.56771514459622530  0.57765167868452916
  0.58754294406300400  0.59752885848962212  0.60765150419375469  0.61765810923007225
  0.62803818359765895  0.63900265923225885  0.64986968574606874  0.66037370461126388
  0.67052718125333755  0.68072177809979484  0.69127282735743900  0.70168353844582454
  0.71208278986040496  0.72250773524834844  0.73307551344344457  0.74345382272338101
  0.75379391216438274  0.76385162164194453  0.77426904915182859  0.78498064408373791
  0.79609578558083283  0.80722837767842270  0.81835812317729117  0.82942799794152677
  0.84020383050409841  0.85087344890126848  0.86136973821528073  0.87179687508499093
  0.88224497979759131  0.89281924139938584  0.90330259983595163  0.91384454941483695
  0.92443215032830450  0.93524184288000722  0.94547287743171360  0.95587950536001765
  0.96678336773579965  0.97796135893674163  0.98900620260054461  1.00000000000000000
 -0.00118902859527602  0.00920428077007164  0.01617377283511425  0.02213281164557596
  0.02752616567210023  0.03251724348780363  0.03728383048342081  0.04182912509188023
  0.04609501412683276  0.05021956453663071  0.05431979626469125  0.05837348898684706
  0.06240535238935983  0.06640128136343668  0.07040869407014778  0.07438653794497002
  0.07835457911137514  0.08227314602077708  0.08614095512177639  0.09000389791705540
  0.09383531953510900  0.09773722642364371  0.10161543150403439  0.10544727300322623
  0.10920730243040684  0.11292172407300458  0.11665591248483788  0.12043085326687894
  0.12420988484937046  0.12799190086123458  0.13175289281034605  0.13550127343359600
  0.13925791521708217  0.14305012239625217  0.14691748285029835  0.15087312633164976
  0.15478183184627534  0.15867617881185836  0.16250914226948607  0.16646128139464983
  0.17055122250405311  0.17470792821784592  0.17887147787439958  0.18304252901539456
  0.18724956848873922  0.19150896039867288  0.19586051756271455  0.20019982756688443
  0.20455523793982489  0.20897074628950993  0.21342924807094985  0.21795281555799528
  0.22249569097797281  0.22704315437611591  0.23166291412894921  0.23639010136186567
  0.24131376251691952  0.24634239530857513  0.25145761685707740  0.25660623454663739
  0.26168575832282542  0.26690121719311721  0.27234290291420005  0.27799295703464566
  0.28370636958090822  0.28948854534611851  0.29539884618224005  0.30149037658398170
  0.30775304338904258  0.31426236372313604  0.32101113223292921  0.32788792513608511
  0.33508307854326758  0.34267670646075810  0.35059557921197876  0.35906838066205432
  0.36803409590384423  0.37761264860175786  0.38785971348735465  0.39876826623748540
  0.41028268276388946  0.42283094611177519  0.43647642963520272  0.45222647556639373
  0.47008470337631048  0.49059270325357879  0.51456801230423477  0.54445818684115499
  0.58298817531849234  0.62848431780915337  0.67664987875847682  0.72503346205362784
  0.77308905573089970  0.82375617042330396  0.88397995609379743  1.00000000000000000
 -0.01743803602945465  0.10639288306460362  0.14381665917986947  0.16589764091793996
  0.18370533169005668  0.19891695989422592  0.21227933216578626  0.22442592614936507
  0.23558678988744550  0.24591520367063768  0.25563699155552455  0.26490517285627346
  0.27401580513730189  0.28270844989031457  0.29126754192005705  0.29942589871671721
  0.30742811894543942  0.31517876744711332  0.32249065150335604  0.32963017943245621
  0.33666254750279295  0.34360814123655020  0.35037980334654178  0.35691309170138663
  0.36330512202119791  0.36965337344545113  0.37596190647644162  0.38210756593492246
  0.38821326364316189  0.39437962067634136  0.40048433854035703  0.40650289002378182
  0.41249865986823969  0.41847788835351851  0.42441028549978221  0.43020447927731176
  0.43597546927700909  0.44168689725820104  0.44731291943753465  0.45293799595866635
  0.45853265896376583  0.46429197555224616  0.47006996395318756  0.47571810340552995
  0.48141701147245236  0.48712368253167659  0.49282330433121907  0.49857852036303085
  0.50426963453572826  0.50993588546545021  0.51557935929351018  0.52113555240620058
  0.52656676661394852  0.53193398080754584  0.53734376905355963  0.54287518192101980
  0.54851136200070039  0.55408875875656372  0.55949783287991894  0.56486132172701731
  0.57027595502042161  0.57576865333132510  0.58138920437754771  0.58716869253859294
  0.59310724881581234  0.59896858039559020  0.60490753805064090  0.61100755078626889
  0.61729605228571749  0.62367037277038639  0.63006080975951950  0.63648482988638566
  0.64310717612559498  0.65003252350979412  0.65710197159630668  0.66423873012760959
  0.67144010477354266  0.67872316517971054  0.68591912184917447  0.69328605568549340
  0.70117355950137705  0.70925614289632721  0.71758135538416035  0.72597369479637752
  0.73467709466860864  0.74381698777638061  0.75345914029541816  0.76399719700836122
  0.77523880275963686  0.78744001369528582  0.80088650500084368  0.81592443295919026
  0.83316991734977008  0.85521448977158832  0.89194282391634694  1.00000000000000000
   1.3251721169600000E-008   1.5394966282900000E-005
  <DiscreteSampler_grid>
  Helicity
  1 # 1 for a reference and 2 for a running grid.
  80 # Attribute 'min_bin_probing_points' of the grid.
  1 # Attribute 'grid_mode' of the grid. 1=='default',2=='initialization'
  0.0300000000000000 # Attribute 'small_contrib_threshold' of the grid.
  0.3330000000000000 # Attribute 'damping_power' of the grid.
 # binID   n_entries weight   weight_sqr   abs_weight
    1   4319   5.724949795329677E-008   1.420504947172436E-014   5.724949795329677E-008
    2   85   1.171150854935406E-011   3.246127035638337E-022   1.171150854935406E-011
    3   90   1.396338575494670E-011   9.543971322908319E-022   1.396338575494670E-011
    4   4334   5.808422582954077E-008   1.478793376527261E-014   5.808422582954077E-008
  </DiscreteSampler_grid>
  <DiscreteSampler_grid>
  grouped_processes
  1 # 1 for a reference and 2 for a running grid.
  10 # Attribute 'min_bin_probing_points' of the grid.
  1 # Attribute 'grid_mode' of the grid. 1=='default',2=='initialization'
  0.0300000000000000 # Attribute 'small_contrib_threshold' of the grid.
  0.3330000000000000 # Attribute 'damping_power' of the grid.
 # binID   n_entries weight   weight_sqr   abs_weight
    16   10   2.035004605850000E+002   8.666011879600000E+004   2.035004605850000E+002
    22   10   2.035004605850000E+002   8.666011879600000E+004   2.035004605850000E+002
    10   10   2.035004605850000E+002   8.666011879600000E+004   2.035004605850000E+002
  </DiscreteSampler_grid>
